70 0 10
71 70 1
72 0 11
73 71 4
74 70 15
75 0 14
76 75 11
77 72 12
78 73 2
79 74 6
80 71 8
81 76 12
82 70 7
83 75 13
84 83 1
85 79 1
86 79 9
87 73 12
88 79 5
89 71 6
90 71 9
91 75 4
92 85 15
93 84 2
94 80 7
95 89 2
96 93 3
97 87 9
98 72 8
99 71 5
100 85 14
101 70 14
102 93 15
103 93 6
104 79 5
105 77 14
106 95 12
107 101 7
108 80 15
109 90 9
110 92 2
111 84 7
112 109 12
113 102 2
114 98 7
115 78 2
116 96 14
117 101 8
118 113 6
119 91 13
120 85 8
121 71 1
122 70 13
123 88 12
124 85 8
125 106 13
126 83 13
127 121 8
128 94 11
129 116 7
130 90 11
131 128 1
132 131 5
133 105 11
134 96 5
135 130 1
136 109 15
137 92 6
138 110 5
139 83 15
140 72 9
141 1 6
142 141 3
143 142 13
144 142 15
145 143 7
146 144 15
147 1 10
148 146 14
149 142 10
150 148 8
151 148 4
152 144 12
153 1 10
154 147 10
155 153 1
156 144 3
157 155 9
158 151 4
159 152 7
160 142 3
161 154 7
162 149 5
163 162 6
164 146 9
165 158 13
166 156 2
167 158 12
168 149 9
169 145 1
170 162 12
171 144 3
172 162 5
173 164 12
174 1 8
175 143 9
176 161 13
177 155 12
178 176 7
179 168 3
180 161 1
181 153 14
182 165 11
183 161 14
184 154 5
185 166 1
186 172 13
187 170 3
188 182 11
189 143 6
190 163 8
191 183 6
192 145 12
193 191 10
194 181 14
195 188 13
196 148 14
197 170 2
198 189 1
199 179 2
200 184 11
201 189 7
202 162 8
203 171 10
204 181 12
205 178 4
206 174 12
207 151 2
208 151 3
209 178 11
210 145 1
211 189 4
212 2 7
213 2 14
214 2 11
215 214 2
216 214 9
217 215 14
218 212 9
219 215 13
220 219 2
221 213 8
222 216 8
223 217 15
224 217 6
225 214 2
226 214 2
227 213 13
228 214 15
229 222 10
230 214 14
231 229 8
232 214 5
233 230 13
234 222 5
235 216 10
236 222 10
237 229 11
238 233 12
239 233 13
240 236 9
241 236 5
242 226 12
243 217 7
244 214 2
245 242 9
246 233 3
247 220 1
248 219 5
249 230 4
250 234 3
251 245 1
252 212 10
253 216 7
254 249 15
255 213 3
256 239 13
257 245 11
258 248 7
259 225 6
260 2 3
261 258 12
262 250 15
263 229 9
264 224 3
265 262 8
266 264 4
267 226 2
268 257 8
269 226 1
270 256 4
271 217 5
272 251 8
273 266 10
274 222 2
275 226 13
276 239 15
277 218 2
278 260 14
279 257 2
280 261 12
281 217 4
282 240 8
283 268 9
284 3 4
285 3 4
286 3 10
287 284 12
288 285 7
289 287 14
290 287 10
291 288 13
292 288 5
293 289 3
294 290 8
295 3 4
296 286 8
297 284 13
298 297 15
299 290 10
300 286 15
301 292 1
302 300 11
303 289 6
304 298 11
305 294 2
306 301 4
307 289 11
308 288 15
309 284 11
310 284 11
311 292 6
312 300 14
313 307 1
314 302 6
315 291 14
316 296 5
317 292 7
318 313 10
319 312 11
320 309 11
321 288 2
322 301 2
323 313 11
324 319 7
325 303 5
326 324 5
327 298 6
328 289 11
329 292 3
330 309 10
331 303 6
332 288 12
333 326 4
334 327 1
335 303 5
336 331 12
337 328 6
338 334 2
339 326 2
340 3 3
341 311 11
342 320 9
343 341 11
344 339 13
345 338 14
346 342 11
347 315 1
348 329 7
349 327 11
350 333 7
351 284 5
352 347 15
353 326 4
354 342 3
355 4 6
356 355 10
357 355 2
358 356 8
359 355 10
360 357 4
361 4 8
362 360 8
363 359 14
364 363 1
365 359 5
366 357 5
367 362 12
368 361 8
369 366 5
370 357 14
371 370 1
372 369 9
373 358 14
374 355 10
375 369 4
376 361 11
377 363 1
378 366 11
379 375 10
380 367 8
381 367 8
382 374 7
383 379 15
384 355 7
385 362 4
386 377 4
387 386 5
388 366 12
389 385 4
390 378 12
391 4 14
392 374 3
393 362 7
394 376 14
395 380 2
396 376 8
397 375 15
398 369 6
399 383 13
400 384 2
401 395 8
402 356 4
403 359 2
404 396 1
405 363 7
406 367 2
407 374 10
408 374 8
409 403 5
410 369 13
411 389 9
412 373 12
413 401 8
414 400 11
415 409 11
416 356 15
417 392 5
418 392 14
419 378 3
420 390 8
421 355 12
422 373 2
423 406 14
424 376 8
425 372 5
426 403 7
427 5 12
428 427 2
429 5 11
430 428 7
431 430 6
432 428 11
433 5 5
434 432 13
435 432 13
436 430 6
437 428 15
438 437 5
439 438 2
440 5 10
441 429 1
442 428 15
443 428 14
444 433 7
445 429 7
446 445 10
447 433 4
448 431 7
449 441 11
450 447 8
451 443 1
452 431 2
453 438 12
454 440 9
455 448 11
456 451 2
457 441 5
458 430 9
459 428 1
460 443 9
461 459 4
462 445 11
463 453 2
464 452 13
465 441 2
466 430 5
467 428 8
468 439 6
469 440 11
470 438 6
471 437 14
472 464 8
473 453 11
474 460 15
475 440 8
476 475 11
477 453 2
478 468 11
479 470 6
480 435 13
481 457 10
482 470 6
483 458 13
484 448 10
485 438 13
486 442 12
487 437 3
488 452 6
489 458 2
490 479 11
491 443 6
492 456 1
493 455 3
494 456 5
495 461 7
496 459 1
497 431 7
498 6 15
499 498 1
500 498 13
501 500 1
502 501 6
503 6 8
504 6 14
505 499 7
506 6 12
507 501 3
508 6 14
509 501 12
510 503 12
511 501 4
512 500 13
513 510 13
514 507 15
515 498 1
516 503 7
517 516 7
518 515 12
519 511 12
520 512 8
521 518 11
522 507 9
523 499 3
524 510 11
525 511 14
526 501 12
527 515 10
528 502 7
529 524 13
530 505 7
531 513 7
532 523 6
533 516 11
534 498 3
535 505 4
536 530 9
537 509 8
538 526 13
539 507 8
540 531 7
541 536 9
542 498 5
543 531 3
544 499 13
545 6 7
546 519 1
547 503 10
548 510 6
549 538 13
550 508 12
551 519 14
552 527 7
553 522 8
554 545 6
555 505 8
556 542 11
557 502 10
558 550 10
559 504 11
560 499 9
561 499 9
562 551 1
563 546 13
564 552 8
565 525 6
566 541 11
567 561 14
568 503 1
569 559 9
570 7 1
571 570 12
572 571 4
573 571 13
574 570 8
575 571 6
576 574 10
577 7 12
578 576 5
579 574 7
580 572 12
581 574 11
582 579 12
583 581 1
584 578 8
585 584 9
586 573 5
587 570 3
588 586 15
589 581 15
590 588 2
591 579 13
592 572 14
593 592 13
594 582 15
595 592 14
596 7 1
597 585 7
598 582 7
599 593 12
600 593 15
601 584 3
602 595 11
603 581 12
604 599 13
605 588 9
606 579 6
607 589 2
608 587 8
609 572 7
610 603 2
611 583 5
612 608 3
613 609 7
614 599 9
615 591 9
616 606 5
617 574 15
618 598 2
619 607 2
620 594 15
621 571 4
622 571 11
623 610 6
624 600 11
625 609 4
626 623 9
627 618 13
628 605 15
629 609 13
630 596 15
631 599 2
632 613 6
633 625 8
634 588 10
635 632 3
636 584 9
637 616 15
638 7 9
639 618 8
640 592 10
641 8 2
642 641 4
643 642 6
644 642 6
645 642 6
646 644 12
647 641 13
648 642 10
649 642 10
650 646 7
651 8 4
652 650 14
653 650 1
654 643 11
655 649 7
656 642 4
657 645 9
658 657 2
659 657 11
660 656 7
661 643 5
662 647 10
663 646 8
664 659 14
665 662 14
666 658 1
667 641 1
668 665 9
669 659 12
670 663 15
671 653 14
672 670 5
673 652 8
674 644 2
675 653 6
676 643 4
677 670 15
678 674 10
679 676 12
680 657 6
681 661 3
682 676 13
683 667 5
684 671 15
685 668 2
686 677 1
687 672 2
688 672 9
689 666 10
690 663 8
691 643 7
692 650 13
693 646 10
694 657 11
695 672 8
696 690 2
697 694 10
698 693 10
699 654 7
700 694 5
701 692 8
702 667 13
703 699 1
704 644 8
705 697 14
706 700 7
707 677 8
708 702 2
709 665 2
710 665 8
711 683 11
712 9 12
713 9 8
714 9 3
715 714 14
716 712 5
717 715 12
718 716 13
719 714 5
720 713 4
721 9 10
722 713 15
723 716 8
724 716 15
725 716 14
726 723 3
727 721 8
728 724 13
729 716 5
730 727 3
731 728 14
732 714 2
733 718 6
734 727 9
735 725 10
736 721 3
737 716 11
738 720 5
739 723 5
740 734 13
741 730 14
742 721 5
743 728 1
744 713 7
745 721 6
746 731 1
747 725 14
748 747 9
749 735 3
750 714 5
751 712 7
752 748 3
753 728 9
754 731 12
755 743 1
756 716 14
757 716 3
758 729 13
759 732 15
760 722 2
761 741 4
762 737 4
763 738 10
764 744 13
765 716 1
766 726 14
767 714 1
768 739 12
769 744 3
770 719 10
771 762 3
772 755 2
773 716 4
774 750 2
775 750 12
776 767 6
777 724 8
778 751 2
779 765 2
780 770 7
781 759 5
782 731 10
783 718 7
784 10 4
785 10 15
786 784 9
787 786 5
788 786 13
789 10 5
790 785 2
791 784 15
792 787 5
793 791 3
794 791 1
795 794 7
796 788 9
797 10 14
798 797 2
799 788 14
800 787 1
801 793 6
802 784 3
803 789 2
804 793 13
805 791 6
806 794 2
807 795 2
808 807 4
809 804 7
810 798 12
811 808 1
812 804 6
813 790 13
814 790 1
815 808 5
816 806 4
817 786 8
818 813 15
819 802 4
820 819 11
821 790 11
822 793 3
823 786 13
824 787 1
825 817 15
826 822 1
827 798 4
828 810 1
829 811 1
830 798 8
831 798 3
832 826 8
833 800 4
834 830 3
835 799 12
836 815 12
837 833 12
838 822 1
839 808 15
840 819 11
841 806 11
842 827 5
843 792 11
844 825 8
845 801 7
846 821 13
847 812 2
848 833 14
849 843 2
850 816 14
851 798 15
852 820 13
853 820 15
854 810 2
855 11 14
856 855 12
857 11 13
858 855 14
859 858 14
860 857 15
861 859 8
862 857 10
863 862 15
864 855 2
865 864 2
866 859 14
867 860 11
868 861 1
869 868 5
870 862 1
871 866 4
872 858 13
873 865 1
874 868 1
875 864 4
876 873 1
877 876 15
878 872 14
879 862 11
880 865 5
881 877 8
882 11 13
883 862 13
884 858 4
885 857 7
886 880 9
887 883 3
888 873 10
889 887 9
890 861 2
891 881 6
892 889 1
893 873 9
894 859 15
895 864 4
896 895 7
897 862 12
898 896 9
899 878 1
900 882 6
901 888 15
902 861 1
903 888 3
904 855 1
905 895 7
906 901 2
907 895 3
908 889 12
909 885 15
910 901 6
911 890 11
912 901 4
913 883 12
914 897 5
915 873 2
916 904 5
917 914 1
918 857 13
919 891 14
920 866 15
921 902 9
922 870 10
923 912 7
924 872 9
925 901 5
926 876 10
927 12 11
928 927 4
929 927 15
930 927 13
931 928 12
932 930 15
933 930 15
934 933 15
935 932 5
936 935 2
937 931 10
938 12 7
939 935 8
940 934 1
941 940 1
942 927 13
943 942 11
944 930 9
945 932 9
946 939 5
947 945 7
948 943 4
949 941 7
950 933 15
951 940 13
952 933 11
953 946 9
954 928 2
955 927 13
956 935 10
957 954 9
958 957 2
959 958 2
960 932 10
961 958 5
962 952 12
963 943 10
964 944 9
965 945 9
966 962 6
967 928 1
968 958 3
969 931 9
970 966 10
971 957 13
972 936 3
973 941 14
974 970 7
975 960 15
976 936 13
977 972 13
978 12 11
979 974 6
980 967 10
981 939 4
982 974 4
983 979 14
984 931 8
985 970 3
986 933 13
987 984 13
988 958 7
989 940 14
990 944 2
991 990 7
992 942 15
993 962 2
994 935 2
995 991 6
996 955 9
997 932 15
998 13 3
999 998 2
1000 998 3
1001 998 14
1002 999 7
1003 1002 10
1004 1000 1
1005 1003 12
1006 1005 11
1007 998 5
1008 1003 4
1009 1005 10
1010 1005 1
1011 1000 6
1012 1000 6
1013 1004 14
1014 1007 4
1015 998 1
1016 998 9
1017 998 1
1018 1014 8
1019 1016 11
1020 1006 9
1021 1018 14
1022 1008 3
1023 1020 9
1024 1003 2
1025 1006 15
1026 1018 3
1027 1022 4
1028 1015 9
1029 1017 12
1030 1022 13
1031 1023 4
1032 1022 7
1033 1006 11
1034 1027 15
1035 13 10
1036 1031 6
1037 1007 7
1038 1030 8
1039 1015 9
1040 13 12
1041 1007 3
1042 1016 11
1043 1040 11
1044 1016 11
1045 1016 12
1046 1009 14
1047 1005 7
1048 1030 1
1049 1026 13
1050 1041 7
1051 1031 9
1052 1035 12
1053 1032 10
1054 1048 3
1055 1037 10
1056 1053 13
1057 1001 12
1058 1008 5
1059 1020 4
1060 1006 12
1061 998 10
1062 1044 15
1063 1041 5
1064 1007 12
1065 1056 9
1066 1052 10
1067 1042 5
1068 1037 13
1069 1046 10
1070 14 4
1071 1070 14
1072 1070 13
1073 1070 7
1074 1072 15
1075 1070 13
1076 1073 7
1077 14 4
1078 1071 9
1079 14 11
1080 1076 11
1081 1079 13
1082 1073 13
1083 1080 14
1084 1079 13
1085 1073 14
1086 1082 12
1087 1073 5
1088 1071 10
1089 1088 8
1090 1079 11
1091 1090 10
1092 1084 15
1093 1087 8
1094 1093 9
1095 1089 11
1096 1079 15
1097 1070 8
1098 1082 9
1099 1098 7
1100 1090 13
1101 1081 14
1102 1073 3
1103 1075 5
1104 1082 4
1105 1096 6
1106 1105 4
1107 1087 2
1108 1083 5
1109 1103 1
1110 1080 1
1111 1082 15
1112 1080 2
1113 14 11
1114 1086 1
1115 1099 15
1116 1081 10
1117 1091 8
1118 1086 9
1119 1085 12
1120 1095 5
1121 1082 11
1122 1117 13
1123 1080 2
1124 1090 7
1125 14 1
1126 1074 3
1127 1089 13
1128 1097 6
1129 1119 3
1130 1113 5
1131 1127 3
1132 1086 10
1133 1092 11
1134 1129 2
1135 1089 10
1136 1116 15
1137 1133 2
1138 1119 12
1139 1099 5
1140 1106 9
1141 15 3
1142 1141 12
1143 1142 11
1144 1141 12
1145 1141 4
1146 1144 5
1147 1142 14
1148 15 7
1149 1141 14
1150 1145 9
1151 1149 5
1152 1148 8
1153 1148 1
1154 1142 12
1155 1145 12
1156 1151 1
1157 15 4
1158 1150 3
1159 1145 15
1160 1149 5
1161 1158 10
1162 1153 13
1163 1158 10
1164 1159 10
1165 1154 3
1166 1147 12
1167 1159 12
1168 1146 7
1169 1164 14
1170 1167 9
1171 1141 2
1172 1152 3
1173 1150 1
1174 15 6
1175 1174 2
1176 1155 8
1177 1176 2
1178 1152 12
1179 1175 3
1180 1148 8
1181 1161 13
1182 1177 8
1183 1162 8
1184 1153 13
1185 1151 3
1186 1155 2
1187 1157 13
1188 1166 15
1189 1178 15
1190 1158 8
1191 1148 14
1192 1158 3
1193 1156 2
1194 1185 1
1195 1158 13
1196 1189 3
1197 1188 14
1198 1173 1
1199 1186 8
1200 1179 3
1201 1144 12
1202 1141 13
1203 1154 5
1204 1158 14
1205 1148 15
1206 1205 12
1207 1196 12
1208 1174 1
1209 1196 3
1210 1206 14
1211 1197 9
1212 16 3
1213 16 15
1214 16 10
1215 1212 12
1216 1213 6
1217 1214 3
1218 16 12
1219 16 2
1220 1219 13
1221 1220 8
1222 1218 12
1223 1218 8
1224 1222 14
1225 1219 9
1226 1222 8
1227 1224 13
1228 1226 10
1229 1217 10
1230 1220 7
1231 1216 10
1232 1212 10
1233 1220 7
1234 1224 14
1235 1220 13
1236 1226 14
1237 1231 3
1238 1223 10
1239 1227 15
1240 1233 8
1241 1223 10
1242 1222 14
1243 1232 9
1244 1223 14
1245 1218 4
1246 1239 9
1247 1215 3
1248 1219 4
1249 1225 10
1250 1232 9
1251 1232 6
1252 1218 5
1253 1241 7
1254 1229 11
1255 1223 13
1256 1236 10
1257 1229 1
1258 1218 7
1259 1235 3
1260 1220 5
1261 1246 13
1262 1251 1
1263 1225 1
1264 1253 3
1265 1225 14
1266 1243 1
1267 1249 2
1268 1236 6
1269 1248 11
1270 1233 12
1271 1266 14
1272 1257 6
1273 1230 13
1274 1256 3
1275 1218 5
1276 1241 2
1277 1223 13
1278 1240 13
1279 1252 7
1280 1219 4
1281 1235 8
1282 1272 7
1283 1222 1
1284 17 2
1285 1284 2
1286 1284 15
1287 1286 10
1288 1287 13
1289 1284 8
1290 1285 3
1291 17 6
1292 1287 1
1293 1287 6
1294 1289 15
1295 1294 6
1296 1285 1
1297 1296 2
1298 1288 7
1299 1288 13
1300 1292 14
1301 1296 7
1302 1284 1
1303 1288 6
1304 1303 6
1305 1302 13
1306 1289 9
1307 1293 9
1308 1297 12
1309 1296 12
1310 17 6
1311 1307 11
1312 1291 11
1313 1289 2
1314 1284 8
1315 1294 7
1316 1290 8
1317 1296 13
1318 1297 6
1319 1295 9
1320 1313 14
1321 1303 14
1322 1299 11
1323 1284 7
1324 1313 9
1325 1316 7
1326 1297 11
1327 1315 4
1328 1327 13
1329 1314 3
1330 1298 1
1331 1299 14
1332 1300 3
1333 1307 7
1334 1320 15
1335 1298 1
1336 1286 15
1337 1306 1
1338 1302 10
1339 1287 13
1340 1297 2
1341 1320 10
1342 1294 8
1343 1301 6
1344 1323 6
1345 1328 11
1346 1313 14
1347 1317 11
1348 17 8
1349 1323 12
1350 1325 3
1351 1303 6
1352 1308 8
1353 1291 10
1354 1284 7
1355 18 15
1356 1355 15
1357 1356 5
1358 1357 2
1359 18 6
1360 1356 5
1361 18 3
1362 1355 2
1363 18 14
1364 1356 10
1365 1357 7
1366 18 4
1367 1363 13
1368 1365 9
1369 1358 10
1370 1355 2
1371 18 1
1372 1369 3
1373 1364 10
1374 1363 2
1375 1361 12
1376 1360 4
1377 1363 12
1378 1367 15
1379 1369 3
1380 1367 13
1381 1367 6
1382 1362 15
1383 1359 3
1384 1359 15
1385 1358 1
1386 1376 4
1387 1366 13
1388 1387 2
1389 1355 1
1390 1359 1
1391 1379 3
1392 1386 8
1393 18 4
1394 1385 14
1395 1382 2
1396 1380 5
1397 1368 15
1398 1368 3
1399 1368 9
1400 1362 1
1401 1375 14
1402 1368 1
1403 1378 14
1404 1361 5
1405 1362 3
1406 1382 14
1407 1384 5
1408 1369 3
1409 1391 3
1410 1397 2
1411 1361 13
1412 1365 15
1413 1402 13
1414 1385 3
1415 1374 7
1416 1367 13
1417 1411 6
1418 1360 14
1419 1385 14
1420 1405 10
1421 1408 11
1422 1369 6
1423 1365 15
1424 1387 13
1425 1394 7
1426 1413 8
1427 19 13
1428 1427 6
1429 1428 4
1430 1429 13
1431 1429 2
1432 19 13
1433 1430 14
1434 1433 10
1435 1434 1
1436 19 12
1437 1427 11
1438 1427 6
1439 19 1
1440 1436 5
1441 19 15
1442 1436 10
1443 1436 2
1444 1435 1
1445 1440 11
1446 1428 10
1447 1440 9
1448 1427 5
1449 1437 6
1450 19 2
1451 1428 1
1452 1443 13
1453 19 1
1454 1447 5
1455 1447 15
1456 1435 4
1457 1442 11
1458 1429 7
1459 1455 10
1460 1450 14
1461 1440 13
1462 1457 8
1463 1444 15
1464 1455 8
1465 1441 2
1466 1454 11
1467 1464 1
1468 1447 12
1469 1442 7
1470 1444 5
1471 1435 8
1472 1429 2
1473 1459 6
1474 1460 3
1475 1465 11
1476 1456 8
1477 1468 10
1478 1444 8
1479 1472 13
1480 1454 12
1481 1448 1
1482 1428 7
1483 1454 10
1484 1461 4
1485 1472 1
1486 1436 10
1487 1469 15
1488 1453 1
1489 1480 9
1490 1443 6
1491 1442 4
1492 1482 2
1493 1453 13
1494 1465 11
1495 1493 15
1496 1466 3
1497 1493 9
1498 20 10
1499 20 14
1500 1499 9
1501 20 4
1502 1501 3
1503 1500 7
1504 1501 14
1505 1502 3
1506 1499 9
1507 1503 11
1508 1505 6
1509 1508 9
1510 1501 12
1511 1507 11
1512 1508 13
1513 1510 5
1514 1499 14
1515 1509 13
1516 1502 10
1517 1514 3
1518 1516 10
1519 1516 13
1520 1513 4
1521 1511 4
1522 1520 15
1523 1517 2
1524 1503 12
1525 1507 4
1526 1519 3
1527 1502 4
1528 1518 15
1529 1500 14
1530 1504 5
1531 1526 4
1532 1498 12
1533 1527 9
1534 1530 11
1535 1527 9
1536 1535 5
1537 1531 8
1538 1508 6
1539 1507 11
1540 1528 15
1541 1528 2
1542 1509 2
1543 1520 8
1544 1540 8
1545 1501 2
1546 1544 13
1547 1512 10
1548 1507 12
1549 1502 2
1550 1520 5
1551 1512 8
1552 1523 4
1553 1538 1
1554 1507 9
1555 1514 15
1556 1512 9
1557 1552 14
1558 1532 6
1559 1504 7
1560 1558 11
1561 1560 1
1562 1536 5
1563 1557 7
1564 1520 15
1565 1528 2
1566 1545 15
1567 1499 14
1568 1526 14
1569 1546 7
1570 21 11
1571 21 8
1572 1571 4
1573 1570 5
1574 1571 6
1575 1574 1
1576 1572 13
1577 1572 11
1578 1574 7
1579 1570 6
1580 1574 7
1581 1573 3
1582 1577 8
1583 1578 4
1584 1580 14
1585 1577 5
1586 1573 4
1587 1573 15
1588 1570 12
1589 1587 11
1590 1574 7
1591 1577 3
1592 1579 2
1593 1586 1
1594 1592 7
1595 1590 13
1596 1574 11
1597 1581 6
1598 1577 3
1599 1586 12
1600 1572 4
1601 21 7
1602 1580 13
1603 1586 2
1604 1575 8
1605 1584 10
1606 1574 14
1607 1582 14
1608 1606 7
1609 1598 12
1610 1589 3
1611 1602 8
1612 1586 14
1613 1584 10
1614 1585 9
1615 1570 8
1616 1591 9
1617 1585 1
1618 1614 14
1619 1571 3
1620 1574 6
1621 1583 5
1622 1601 15
1623 1609 9
1624 1574 8
1625 1574 8
1626 1583 6
1627 1624 14
1628 1582 12
1629 1618 15
1630 1581 14
1631 1596 3
1632 1600 3
1633 1608 5
1634 1573 7
1635 1630 10
1636 1617 6
1637 1626 1
1638 1618 1
1639 1593 9
1640 1599 11
1641 22 11
1642 22 5
1643 22 6
1644 1643 14
1645 1643 12
1646 1644 2
1647 1641 5
1648 1641 8
1649 1646 12
1650 1642 9
1651 1643 14
1652 1646 9
1653 1648 12
1654 1644 5
1655 1647 14
1656 1654 15
1657 1653 5
1658 22 8
1659 1644 4
1660 1641 14
1661 1649 5
1662 1654 10
1663 1661 8
1664 1659 8
1665 22 15
1666 1658 2
1667 1651 13
1668 1642 3
1669 1667 15
1670 1660 6
1671 1651 4
1672 1655 7
1673 1663 15
1674 1649 10
1675 1656 11
1676 1648 14
1677 1652 13
1678 1666 8
1679 1655 9
1680 1641 3
1681 1654 13
1682 1643 7
1683 1672 2
1684 1658 9
1685 1680 9
1686 1671 1
1687 1678 5
1688 1657 11
1689 1655 6
1690 1646 5
1691 1668 12
1692 22 10
1693 1671 1
1694 1685 5
1695 1651 2
1696 1680 2
1697 1678 6
1698 1692 1
1699 1698 14
1700 1694 4
1701 1698 7
1702 1677 12
1703 1688 2
1704 1688 9
1705 1672 5
1706 1657 2
1707 1644 9
1708 1670 9
1709 1681 12
1710 1681 10
1711 1679 9
1712 23 12
1713 1712 13
1714 23 3
1715 1714 9
1716 1714 2
1717 1716 13
1718 23 2
1719 1718 11
1720 1715 4
1721 1719 10
1722 1715 6
1723 1720 5
1724 1716 5
1725 1713 11
1726 1724 4
1727 1724 3
1728 1721 4
1729 1714 9
1730 1716 15
1731 1717 8
1732 1714 3
1733 1712 3
1734 1718 13
1735 1726 15
1736 1713 8
1737 1712 7
1738 1720 1
1739 1730 8
1740 1722 5
1741 1738 9
1742 1731 7
1743 1715 2
1744 1720 6
1745 1738 2
1746 1730 5
1747 1724 12
1748 1716 3
1749 1714 5
1750 23 6
1751 1745 15
1752 1712 2
1753 1743 15
1754 1728 5
1755 1736 1
1756 1727 4
1757 1732 15
1758 1754 12
1759 1728 15
1760 1753 7
1761 1716 3
1762 1752 4
1763 1719 13
1764 1741 6
1765 1718 13
1766 1715 12
1767 1744 4
1768 1730 15
1769 1748 13
1770 1714 13
1771 1765 4
1772 1742 10
1773 1769 7
1774 1750 15
1775 1748 3
1776 1756 6
1777 1729 6
1778 1759 5
1779 1721 13
1780 1734 8
1781 1767 10
1782 1772 7
1783 1718 13
1784 24 3
1785 24 10
1786 24 6
1787 1786 4
1788 1785 14
1789 1785 8
1790 1785 7
1791 1784 4
1792 24 5
1793 1789 15
1794 1789 3
1795 1787 14
1796 1784 10
1797 1785 14
1798 1790 2
1799 1792 15
1800 1785 8
1801 1786 10
1802 1798 12
1803 1793 13
1804 1801 5
1805 1794 8
1806 1792 6
1807 1796 10
1808 1799 9
1809 1789 14
1810 1801 12
1811 1785 12
1812 1811 7
1813 24 10
1814 1785 14
1815 1790 3
1816 1790 7
1817 1807 5
1818 1807 12
1819 1803 11
1820 1807 14
1821 1784 12
1822 1789 11
1823 1801 14
1824 1815 7
1825 1817 6
1826 1790 13
1827 1804 6
1828 1814 2
1829 1785 9
1830 1826 11
1831 1795 1
1832 1827 15
1833 1812 12
1834 1807 1
1835 1804 1
1836 1831 15
1837 1829 2
1838 1801 9
1839 1811 8
1840 1826 9
1841 1815 7
1842 1810 3
1843 1827 10
1844 1840 4
1845 1797 12
1846 1826 13
1847 1837 7
1848 1802 9
1849 1831 15
1850 1805 15
1851 1812 6
1852 1807 1
1853 1792 15
1854 1821 15
1855 25 14
1856 1855 6
1857 1855 3
1858 25 8
1859 25 2
1860 1857 5
1861 1855 14
1862 1856 12
1863 1859 13
1864 1856 5
1865 1860 3
1866 1859 3
1867 1860 14
1868 1865 4
1869 1857 6
1870 1865 6
1871 1869 14
1872 1855 1
1873 1865 2
1874 1857 8
1875 1864 8
1876 1855 6
1877 1863 12
1878 1869 9
1879 1855 4
1880 25 6
1881 1878 9
1882 1861 3
1883 1874 15
1884 1859 1
1885 1869 4
1886 1856 1
1887 1867 8
1888 1865 8
1889 25 3
1890 1871 9
1891 1870 9
1892 1875 7
1893 1883 4
1894 1884 1
1895 1877 6
1896 1855 5
1897 1896 9
1898 1874 14
1899 1887 8
1900 1855 9
1901 1876 5
1902 1876 6
1903 1895 15
1904 1866 1
1905 1864 2
1906 1883 7
1907 1889 14
1908 1860 2
1909 1856 11
1910 1860 3
1911 1898 8
1912 1909 14
1913 1887 2
1914 1890 6
1915 1868 5
1916 1864 5
1917 1898 5
1918 1877 10
1919 1885 5
1920 1911 11
1921 1914 7
1922 1882 13
1923 1874 7
1924 1869 8
1925 1891 9
1926 1860 11
1927 26 10
1928 26 5
1929 1928 12
1930 1928 3
1931 26 2
1932 1931 12
1933 1932 1
1934 1933 3
1935 1928 13
1936 1928 6
1937 1936 8
1938 1933 1
1939 1933 11
1940 1934 11
1941 1937 7
1942 1936 5
1943 1929 8
1944 1937 14
1945 1934 11
1946 1930 9
1947 1928 15
1948 1935 15
1949 1934 3
1950 1946 4
1951 1933 12
1952 1929 1
1953 1949 11
1954 1952 4
1955 1952 3
1956 1939 4
1957 1939 2
1958 1948 10
1959 1930 12
1960 1938 1
1961 1940 9
1962 1945 3
1963 1931 7
1964 1962 2
1965 1951 12
1966 1934 8
1967 1938 6
1968 1949 13
1969 1933 15
1970 1955 14
1971 1934 6
1972 1964 10
1973 1935 13
1974 1962 5
1975 1937 10
1976 1942 3
1977 1927 6
1978 1964 13
1979 1970 10
1980 1965 11
1981 1971 2
1982 26 3
1983 1935 1
1984 1949 13
1985 1954 8
1986 1945 14
1987 1940 9
1988 1966 8
1989 1976 15
1990 1989 4
1991 1981 9
1992 1985 15
1993 1933 2
1994 1949 15
1995 1930 2
1996 1959 8
1997 1996 6
1998 27 2
1999 27 9
2000 27 6
2001 1998 1
2002 1998 4
2003 1998 6
2004 27 14
2005 27 4
2006 2004 11
2007 2001 12
2008 2005 1
2009 2006 6
2010 2007 2
2011 2005 12
2012 2005 15
2013 27 6
2014 27 3
2015 1999 12
2016 2005 10
2017 1999 9
2018 1998 14
2019 2003 11
2020 2007 6
2021 2003 6
2022 2006 4
2023 2015 15
2024 2019 15
2025 2019 11
2026 2005 15
2027 2007 9
2028 2014 14
2029 2027 14
2030 2022 2
2031 2014 8
2032 2003 12
2033 2003 11
2034 2005 6
2035 2032 7
2036 2029 5
2037 2010 2
2038 2011 2
2039 2008 2
2040 2008 4
2041 2025 10
2042 2026 8
2043 2000 8
2044 2004 12
2045 2031 11
2046 2014 2
2047 1999 2
2048 2037 15
2049 2031 6
2050 2004 2
2051 2024 2
2052 2001 2
2053 2030 9
2054 2038 10
2055 2036 1
2056 2043 8
2057 2031 3
2058 2019 9
2059 2012 5
2060 2031 1
2061 2014 14
2062 2031 5
2063 2052 8
2064 2014 15
2065 2015 4
2066 2046 11
2067 2042 7
2068 2019 15
2069 2058 12
2070 28 2
2071 2070 10
2072 2070 8
2073 2072 6
2074 28 14
2075 2071 13
2076 2074 1
2077 28 9
2078 28 3
2079 28 15
2080 2071 15
2081 2075 4
2082 2078 7
2083 2072 12
2084 2076 6
2085 2081 11
2086 2080 11
2087 2071 4
2088 2072 15
2089 2084 13
2090 2076 2
2091 2088 10
2092 28 3
2093 2074 3
2094 2083 12
2095 2086 6
2096 2079 8
2097 2090 13
2098 2073 3
2099 2087 14
2100 2090 5
2101 2074 12
2102 2076 7
2103 2070 2
2104 2085 4
2105 2085 3
2106 2090 12
2107 2092 9
2108 2096 13
2109 2088 14
2110 2096 1
2111 2089 2
2112 2101 7
2113 2105 2
2114 2077 12
2115 2110 3
2116 2085 5
2117 2100 12
2118 28 11
2119 2108 8
2120 2105 11
2121 2075 13
2122 2093 4
2123 2120 14
2124 2075 11
2125 2111 2
2126 2076 11
2127 2094 7
2128 2085 12
2129 2095 7
2130 2100 7
2131 2088 8
2132 2121 4
2133 2081 14
2134 2101 12
2135 2084 10
2136 2131 5
2137 2092 10
2138 2116 14
2139 2133 4
2140 2103 14
2141 29 11
2142 29 13
2143 2141 11
2144 2141 5
2145 2141 6
2146 2142 7
2147 2143 3
2148 2147 1
2149 2148 15
2150 2141 15
2151 29 13
2152 2150 10
2153 2141 10
2154 2142 14
2155 2145 10
2156 2143 3
2157 2146 12
2158 29 6
2159 2144 4
2160 2150 10
2161 2153 10
2162 2152 3
2163 2143 11
2164 2148 2
2165 2144 12
2166 2155 3
2167 2154 8
2168 2141 11
2169 2149 14
2170 2158 2
2171 2146 2
2172 2166 12
2173 2144 15
2174 2162 4
2175 2163 1
2176 2144 8
2177 2164 9
2178 2144 2
2179 2156 3
2180 2163 6
2181 2144 12
2182 2169 8
2183 2151 13
2184 2174 8
2185 2175 5
2186 2178 5
2187 2173 14
2188 2151 9
2189 2148 2
2190 2177 9
2191 2190 4
2192 2184 7
2193 2190 9
2194 2167 6
2195 2192 14
2196 2145 8
2197 2159 11
2198 2188 4
2199 2146 5
2200 2184 14
2201 2151 10
2202 2143 10
2203 2178 1
2204 2195 7
2205 2185 10
2206 2154 9
2207 2192 11
2208 2196 13
2209 2162 12
2210 2200 6
2211 2179 2
2212 30 4
2213 30 3
2214 30 8
2215 2212 5
2216 2213 7
2217 2216 15
2218 2213 9
2219 2217 5
2220 2216 5
2221 2217 9
2222 2215 1
2223 2214 10
2224 2221 3
2225 2216 6
2226 2217 1
2227 2220 9
2228 2224 8
2229 2219 10
2230 2222 15
2231 2221 9
2232 2217 6
2233 30 8
2234 2220 11
2235 2227 2
2236 2221 3
2237 2227 2
2238 2221 1
2239 2214 9
2240 2230 11
2241 2222 8
2242 2222 7
2243 2241 15
2244 2241 15
2245 2229 5
2246 30 10
2247 2220 12
2248 2230 1
2249 2239 6
2250 2213 8
2251 2218 13
2252 2229 11
2253 2228 12
2254 2247 4
2255 2226 4
2256 2226 13
2257 2212 2
2258 2229 3
2259 2240 7
2260 2222 2
2261 2236 1
2262 2238 13
2263 2216 7
2264 2227 8
2265 2217 6
2266 2243 8
2267 2262 10
2268 2212 15
2269 30 4
2270 30 3
2271 2227 4
2272 2256 5
2273 2268 7
2274 2239 12
2275 2241 13
2276 2228 3
2277 2270 4
2278 2212 8
2279 2263 13
2280 2216 1
2281 2230 1
2282 2238 5
2283 2250 15
2284 31 10
2285 31 12
2286 2284 6
2287 2284 2
2288 2287 14
2289 2288 3
2290 2287 10
2291 2290 6
2292 2284 9
2293 2286 10
2294 2290 5
2295 31 6
2296 2290 8
2297 2289 2
2298 2284 7
2299 2284 7
2300 2297 5
2301 31 3
2302 2291 5
2303 2293 12
2304 2298 7
2305 2290 10
2306 2292 13
2307 2294 5
2308 2296 9
2309 2287 11
2310 2292 7
2311 2297 13
2312 2291 13
2313 2302 14
2314 2313 15
2315 2284 12
2316 2307 14
2317 2305 7
2318 2311 13
2319 2307 11
2320 2295 10
2321 2291 15
2322 2293 13
2323 2294 12
2324 2284 13
2325 2295 3
2326 2309 7
2327 2303 1
2328 2289 9
2329 2327 10
2330 2308 2
2331 2326 10
2332 2299 7
2333 2304 4
2334 2313 11
2335 2325 14
2336 2328 5
2337 2294 10
2338 2298 9
2339 2291 9
2340 2322 13
2341 2313 8
2342 2303 3
2343 2319 15
2344 2299 9
2345 2338 4
2346 2306 10
2347 2334 15
2348 2342 9
2349 2346 13
2350 2349 15
2351 2324 10
2352 2300 2
2353 2332 4
2354 2285 6
2355 32 9
2356 32 6
2357 32 9
2358 2356 3
2359 2355 3
2360 32 9
2361 2357 2
2362 2359 1
2363 2359 15
2364 2357 15
2365 2358 1
2366 2356 7
2367 2361 9
2368 2367 4
2369 2357 1
2370 2358 11
2371 2357 6
2372 2359 12
2373 2359 14
2374 2372 5
2375 2356 15
2376 2366 5
2377 2358 12
2378 2365 10
2379 2369 8
2380 2364 9
2381 2361 6
2382 2363 10
2383 2358 7
2384 2381 8
2385 2384 10
2386 2370 12
2387 2381 11
2388 2371 5
2389 2385 12
2390 2388 15
2391 2366 3
2392 2369 14
2393 2362 7
2394 2362 8
2395 2368 11
2396 2381 2
2397 2371 5
2398 2368 13
2399 2388 13
2400 2389 11
2401 2359 2
2402 2388 5
2403 2372 14
2404 2402 13
2405 2358 6
2406 2376 11
2407 2366 1
2408 2370 9
2409 2387 6
2410 2394 7
2411 2396 10
2412 2383 3
2413 2364 1
2414 2369 4
2415 2393 14
2416 2396 1
2417 2362 15
2418 2371 15
2419 2356 10
2420 2370 13
2421 2364 4
2422 2362 8
2423 2372 6
2424 2383 7
2425 2418 3
2426 2402 4
2427 33 4
2428 33 5
2429 2427 11
2430 2427 7
2431 2428 12
2432 2427 1
2433 2430 15
2434 2430 5
2435 2430 5
2436 2431 3
2437 2435 11
2438 33 7
2439 2429 2
2440 33 9
2441 2438 2
2442 2431 9
2443 2434 5
2444 2430 7
2445 2428 3
2446 2428 1
2447 2433 10
2448 33 3
2449 2443 12
2450 2443 13
2451 2448 2
2452 2432 10
2453 2449 12
2454 2436 6
2455 2429 2
2456 2436 13
2457 2453 8
2458 2443 1
2459 2436 14
2460 2457 11
2461 2431 13
2462 2437 4
2463 2436 8
2464 2445 7
2465 2460 1
2466 2437 4
2467 2461 5
2468 2456 6
2469 2437 12
2470 2468 10
2471 2436 14
2472 2442 1
2473 2438 12
2474 2439 11
2475 2467 1
2476 2454 14
2477 2467 9
2478 2459 14
2479 2468 9
2480 2433 14
2481 2461 3
2482 2428 8
2483 2473 2
2484 2446 6
2485 2473 13
2486 2459 5
2487 2448 12
2488 2438 15
2489 2449 14
2490 2458 6
2491 2431 4
2492 2471 9
2493 2450 3
2494 2491 1
2495 2479 5
2496 2491 9
2497 2487 4
2498 34 12
2499 2498 12
2500 2498 9
2501 2499 1
2502 2499 11
2503 2502 6
2504 2503 10
2505 2501 13
2506 2501 3
2507 2498 14
2508 2499 7
2509 2500 4
2510 34 13
2511 2500 2
2512 2507 1
2513 2512 3
2514 34 12
2515 2513 15
2516 2508 9
2517 2513 7
2518 2502 14
2519 2513 15
2520 2502 9
2521 2501 14
2522 2501 11
2523 2509 3
2524 2500 9
2525 2500 14
2526 34 10
2527 2525 14
2528 2500 15
2529 2521 4
2530 2507 8
2531 2507 4
2532 2520 6
2533 2504 11
2534 2530 11
2535 2526 12
2536 2531 13
2537 2517 11
2538 2526 3
2539 2504 4
2540 2534 1
2541 2535 5
2542 2513 5
2543 2523 13
2544 2533 12
2545 34 2
2546 2526 6
2547 2541 6
2548 2525 8
2549 2525 4
2550 2515 5
2551 2513 2
2552 2510 10
2553 2534 13
2554 2546 2
2555 2520 14
2556 2550 11
2557 2526 13
2558 2511 1
2559 2553 5
2560 2543 7
2561 2540 15
2562 2505 15
2563 2548 13
2564 2532 10
2565 2516 11
2566 2513 12
2567 2556 3
2568 2544 11
2569 2537 2
2570 35 3
2571 2570 6
2572 2571 9
2573 35 1
2574 2573 5
2575 2572 14
2576 2571 3
2577 2576 1
2578 2572 7
2579 2575 6
2580 2570 4
2581 2574 11
2582 2572 10
2583 2575 5
2584 35 8
2585 2584 6
2586 2579 6
2587 2574 15
2588 2573 10
2589 2583 14
2590 35 4
2591 2575 4
2592 2587 12
2593 2584 1
2594 35 8
2595 2571 13
2596 2578 15
2597 2575 11
2598 2582 6
2599 2593 13
2600 2590 6
2601 2575 6
2602 2591 8
2603 2589 9
2604 2598 13
2605 2571 6
2606 2589 11
2607 2583 8
2608 2575 12
2609 2575 12
2610 2603 7
2611 2602 11
2612 2573 8
2613 2612 5
2614 2574 10
2615 2587 14
2616 2577 5
2617 2571 5
2618 2573 1
2619 2587 9
2620 2617 6
2621 2593 13
2622 2608 4
2623 2593 13
2624 2579 13
2625 2573 4
2626 2576 9
2627 2615 9
2628 2605 11
2629 2608 7
2630 2616 10
2631 2620 1
2632 2573 3
2633 2607 13
2634 2619 12
2635 2572 2
2636 2620 6
2637 2591 1
2638 2578 10
2639 2631 3
2640 2609 3
2641 36 7
2642 36 8
2643 2642 9
2644 2642 13
2645 2644 9
2646 2641 9
2647 2646 12
2648 2643 5
2649 2641 10
2650 2641 4
2651 2644 2
2652 2651 13
2653 2645 9
2654 2641 13
2655 2642 7
2656 2645 9
2657 2641 9
2658 2641 9
2659 2644 9
2660 2648 15
2661 2658 9
2662 2648 4
2663 2661 13
2664 2647 9
2665 2647 4
2666 2657 10
2667 2647 8
2668 2645 15
2669 2646 5
2670 2641 7
2671 2642 5
2672 2658 12
2673 2666 10
2674 2651 15
2675 2663 14
2676 2664 9
2677 2674 10
2678 2652 12
2679 2653 12
2680 2651 4
2681 2673 5
2682 2672 11
2683 2668 2
2684 2673 14
2685 2647 13
2686 2670 5
2687 2671 5
2688 2671 5
2689 2677 5
2690 2643 3
2691 2669 2
2692 2672 7
2693 2675 12
2694 36 1
2695 2643 5
2696 2687 2
2697 2660 9
2698 2682 4
2699 2656 3
2700 2655 2
2701 2673 9
2702 2681 6
2703 2643 7
2704 2670 8
2705 2666 5
2706 2679 12
2707 2669 10
2708 2678 6
2709 2684 8
2710 2689 5
2711 2664 1
2712 37 12
2713 2712 11
2714 37 11
2715 2714 9
2716 37 11
2717 37 4
2718 2714 14
2719 2718 2
2720 2713 10
2721 2719 8
2722 37 10
2723 2717 1
2724 2715 7
2725 2719 1
2726 2716 3
2727 2720 7
2728 2720 11
2729 2714 7
2730 2720 6
2731 2730 11
2732 2730 8
2733 2728 13
2734 2729 12
2735 2726 7
2736 2712 1
2737 2727 4
2738 2721 14
2739 2724 7
2740 2720 12
2741 2731 2
2742 2719 1
2743 2722 13
2744 2726 10
2745 2734 14
2746 37 2
2747 2739 7
2748 2714 10
2749 2735 12
2750 2722 11
2751 2719 14
2752 2742 9
2753 2721 11
2754 2721 11
2755 2731 6
2756 2730 4
2757 2735 6
2758 2718 2
2759 2752 15
2760 2716 2
2761 2718 1
2762 2713 15
2763 2762 10
2764 2716 11
2765 2756 7
2766 2754 3
2767 2757 6
2768 2752 9
2769 2734 2
2770 2743 10
2771 2713 8
2772 2715 15
2773 2748 5
2774 2740 6
2775 2756 3
2776 2729 1
2777 2754 3
2778 2729 6
2779 2722 5
2780 2774 15
2781 2749 4
2782 2750 15
2783 2746 15
2784 38 12
2785 38 3
2786 2784 3
2787 2786 12
2788 38 9
2789 2785 15
2790 2785 5
2791 38 1
2792 2790 7
2793 2791 10
2794 2788 11
2795 2784 6
2796 2791 5
2797 2792 10
2798 2785 6
2799 2786 9
2800 2787 13
2801 2793 13
2802 2797 6
2803 2800 15
2804 2790 7
2805 2790 2
2806 2800 6
2807 2787 7
2808 2791 1
2809 2785 6
2810 2794 4
2811 2806 13
2812 2804 13
2813 2802 10
2814 2792 6
2815 2803 9
2816 2811 10
2817 2787 9
2818 2785 1
2819 2795 6
2820 2786 13
2821 2816 1
2822 2784 1
2823 2805 7
2824 2795 3
2825 2801 9
2826 2810 1
2827 2799 10
2828 2793 12
2829 2788 11
2830 2818 14
2831 2809 6
2832 2798 15
2833 2807 6
2834 2791 8
2835 2784 10
2836 2827 13
2837 2829 4
2838 2793 9
2839 2818 6
2840 2816 7
2841 2828 13
2842 2826 15
2843 2791 9
2844 2829 9
2845 2844 15
2846 2797 13
2847 2846 14
2848 2794 6
2849 2812 1
2850 2811 2
2851 2818 3
2852 2795 10
2853 2814 6
2854 2819 15
2855 39 8
2856 39 3
2857 2856 6
2858 2857 9
2859 2857 8
2860 2856 8
2861 2858 4
2862 2860 1
2863 2857 7
2864 2855 15
2865 2861 3
2866 2858 11
2867 39 3
2868 2863 4
2869 2868 5
2870 2868 9
2871 2864 14
2872 2858 3
2873 2863 3
2874 2872 5
2875 2859 11
2876 2868 15
2877 2858 9
2878 2859 9
2879 2859 8
2880 2874 14
2881 2863 9
2882 2857 8
2883 2877 6
2884 2873 3
2885 2857 3
2886 2880 8
2887 2886 2
2888 2877 14
2889 2861 8
2890 2880 12
2891 2864 10
2892 2878 9
2893 2855 2
2894 2891 9
2895 2856 12
2896 2880 13
2897 2870 6
2898 39 14
2899 2884 3
2900 2893 12
2901 2870 2
2902 2855 6
2903 2894 9
2904 2855 3
2905 2862 12
2906 2890 13
2907 2864 6
2908 2873 2
2909 2869 1
2910 2898 15
2911 2894 14
2912 2863 4
2913 2881 3
2914 2898 6
2915 2890 9
2916 2862 10
2917 2860 6
2918 2909 10
2919 2907 13
2920 39 15
2921 2893 8
2922 2883 12
2923 2897 14
2924 2899 10
2925 2862 5
2926 2906 5
2927 40 9
2928 40 8
2929 2928 6
2930 2929 6
2931 2930 2
2932 2930 1
2933 2931 5
2934 2929 13
2935 2931 11
2936 2935 11
2937 40 10
2938 2931 12
2939 2938 4
2940 2933 6
2941 2930 8
2942 2931 12
2943 2931 11
2944 2939 10
2945 2933 3
2946 2929 6
2947 2942 13
2948 2931 5
2949 2928 15
2950 2936 15
2951 2935 4
2952 2947 8
2953 2938 12
2954 2930 6
2955 40 15
2956 2946 7
2957 2949 12
2958 2944 7
2959 2939 13
2960 2953 8
2961 2949 8
2962 2927 3
2963 2930 15
2964 2939 7
2965 2938 4
2966 2958 4
2967 2939 13
2968 2933 15
2969 2938 1
2970 2946 6
2971 2927 7
2972 2945 12
2973 2945 12
2974 2949 14
2975 2960 7
2976 2936 2
2977 2976 2
2978 2977 6
2979 2931 4
2980 2941 4
2981 2971 15
2982 2963 2
2983 2937 10
2984 2958 1
2985 2978 4
2986 2968 4
2987 2953 9
2988 2950 3
2989 2974 3
2990 2960 1
2991 2944 5
2992 2961 4
2993 2974 9
2994 2951 12
2995 2991 13
2996 2963 13
2997 2986 1
2998 41 11
2999 41 7
3000 2998 14
3001 3000 12
3002 2998 1
3003 3001 4
3004 2998 5
3005 41 8
3006 3002 11
3007 3002 10
3008 3007 1
3009 3000 10
3010 3008 1
3011 2999 3
3012 3009 1
3013 41 10
3014 3011 12
3015 3014 9
3016 3015 5
3017 3011 10
3018 3017 3
3019 3005 3
3020 3005 2
3021 3001 13
3022 2998 2
3023 3010 5
3024 3006 13
3025 3004 13
3026 3007 13
3027 3025 14
3028 3022 14
3029 3018 8
3030 3024 6
3031 3012 10
3032 3005 12
3033 3002 10
3034 3016 12
3035 3017 13
3036 3033 15
3037 3019 12
3038 3023 6
3039 3021 15
3040 41 10
3041 3004 8
3042 3034 4
3043 3010 4
3044 3028 2
3045 3003 4
3046 3000 6
3047 3042 8
3048 3019 4
3049 3019 2
3050 3046 15
3051 3040 15
3052 3032 9
3053 3047 11
3054 3035 13
3055 3001 9
3056 3023 13
3057 3052 10
3058 3053 12
3059 3056 7
3060 3017 14
3061 3001 14
3062 3000 8
3063 3041 4
3064 3050 7
3065 3058 6
3066 3002 2
3067 3065 15
3068 3055 11
3069 3049 10
3070 42 13
3071 3070 1
3072 3070 12
3073 3070 13
3074 3070 3
3075 3072 7
3076 3074 5
3077 3073 14
3078 3076 4
3079 3078 13
3080 3077 2
3081 3080 7
3082 3073 9
3083 3073 7
3084 3072 13
3085 3075 13
3086 3072 12
3087 3081 8
3088 3079 3
3089 3079 5
3090 3088 5
3091 3086 2
3092 3082 2
3093 42 13
3094 3087 7
3095 3085 9
3096 3082 8
3097 3091 3
3098 3096 5
3099 42 13
3100 3088 14
3101 3091 10
3102 3089 3
3103 3077 9
3104 3071 10
3105 3078 14
3106 3086 3
3107 3081 14
3108 3085 15
3109 42 3
3110 3108 15
3111 3074 7
3112 3084 3
3113 3106 8
3114 3094 10
3115 3096 1
3116 3108 1
3117 3087 5
3118 3117 8
3119 3087 4
3120 3089 15
3121 3120 13
3122 3121 15
3123 3070 3
3124 3085 14
3125 3119 11
3126 3086 13
3127 3117 8
3128 3078 15
3129 3073 11
3130 3125 11
3131 3090 11
3132 3117 14
3133 3101 4
3134 3114 13
3135 3127 3
3136 3119 15
3137 3092 2
3138 3070 6
3139 3090 4
3140 3080 7
3141 43 9
3142 43 14
3143 43 6
3144 3143 15
3145 3141 11
3146 3141 8
3147 3145 1
3148 3146 14
3149 3146 15
3150 3146 13
3151 3149 1
3152 3142 5
3153 3147 13
3154 3150 2
3155 3144 2
3156 3152 6
3157 3142 9
3158 3151 4
3159 3154 2
3160 3141 1
3161 3157 8
3162 3158 15
3163 3157 9
3164 3148 10
3165 3141 9
3166 3147 10
3167 3166 8
3168 3146 6
3169 3149 1
3170 3158 6
3171 3142 6
3172 3156 14
3173 3150 15
3174 3148 1
3175 3170 2
3176 3173 13
3177 43 7
3178 3149 1
3179 3146 14
3180 3161 12
3181 3158 1
3182 3181 10
3183 3158 14
3184 3168 10
3185 3158 13
3186 3185 9
3187 3164 4
3188 3151 12
3189 3165 9
3190 3187 15
3191 3187 13
3192 3171 6
3193 3175 6
3194 3169 6
3195 3150 4
3196 3193 9
3197 3152 10
3198 3180 12
3199 3149 2
3200 3186 3
3201 3193 12
3202 3166 10
3203 3176 1
3204 3175 6
3205 3204 9
3206 3204 12
3207 3175 1
3208 3185 15
3209 3151 12
3210 3159 4
3211 3169 13
3212 44 13
3213 3212 15
3214 44 5
3215 44 14
3216 3212 3
3217 3214 2
3218 3213 12
3219 3212 7
3220 3219 15
3221 44 12
3222 3219 15
3223 3215 6
3224 3220 1
3225 44 9
3226 3224 7
3227 44 14
3228 3215 13
3229 3216 12
3230 3216 5
3231 3225 15
3232 44 3
3233 3231 6
3234 3214 8
3235 3218 5
3236 3219 15
3237 3230 7
3238 3215 10
3239 3233 1
3240 3236 10
3241 3232 13
3242 3222 14
3243 3219 6
3244 3233 4
3245 3218 7
3246 3233 3
3247 3213 5
3248 3232 8
3249 3222 2
3250 3224 5
3251 3229 2
3252 3224 2
3253 3241 15
3254 3241 10
3255 3241 4
3256 3216 11
3257 3244 2
3258 3250 1
3259 3212 8
3260 3237 14
3261 3236 8
3262 3216 9
3263 3255 14
3264 3258 1
3265 3238 13
3266 3217 1
3267 3264 5
3268 3249 9
3269 3214 4
3270 3219 12
3271 3221 13
3272 3234 14
3273 3225 6
3274 3257 15
3275 3262 10
3276 3257 11
3277 3224 15
3278 3251 10
3279 3212 9
3280 3252 13
3281 3217 11
3282 3269 12
3283 3254 2
3284 45 13
3285 45 13
3286 45 4
3287 45 13
3288 3285 4
3289 45 15
3290 3284 5
3291 3284 14
3292 3288 2
3293 3284 4
3294 3285 5
3295 3287 13
3296 3289 6
3297 3295 1
3298 45 3
3299 3286 11
3300 3287 6
3301 3288 4
3302 3292 6
3303 3295 7
3304 3290 12
3305 3284 1
3306 3300 11
3307 3297 13
3308 45 12
3309 45 2
3310 3298 10
3311 3306 2
3312 3309 3
3313 3295 4
3314 3311 5
3315 3290 15
3316 3287 14
3317 3299 3
3318 3297 4
3319 3300 9
3320 3290 6
3321 3295 15
3322 3310 8
3323 3284 5
3324 3294 2
3325 3324 2
3326 3320 5
3327 3294 6
3328 3299 14
3329 3295 15
3330 3285 5
3331 3294 9
3332 3302 14
3333 3306 8
3334 3292 15
3335 3318 4
3336 3305 14
3337 3321 2
3338 3330 8
3339 3320 9
3340 3324 3
3341 3297 8
3342 3329 13
3343 3313 14
3344 3319 9
3345 3302 3
3346 3332 2
3347 3292 3
3348 3302 5
3349 3310 2
3350 3318 13
3351 3323 14
3352 3324 13
3353 3305 6
3354 3351 5
3355 46 10
3356 46 6
3357 46 6
3358 3356 9
3359 3357 6
3360 46 2
3361 3356 3
3362 3358 2
3363 3357 6
3364 3355 7
3365 3356 7
3366 3365 1
3367 3355 14
3368 3364 11
3369 3367 13
3370 3355 3
3371 3361 3
3372 46 3
3373 3361 6
3374 3362 2
3375 3355 10
3376 3364 7
3377 3373 2
3378 3357 10
3379 3367 3
3380 3371 2
3381 3373 5
3382 3365 1
3383 3363 3
3384 3356 1
3385 3372 10
3386 3369 14
3387 3368 9
3388 3373 8
3389 3377 6
3390 3359 15
3391 3358 15
3392 3370 4
3393 3385 7
3394 3381 8
3395 3364 5
3396 3357 8
3397 3362 12
3398 3367 1
3399 3369 3
3400 3355 3
3401 3390 2
3402 3376 13
3403 3392 5
3404 3403 2
3405 3372 8
3406 3386 11
3407 3364 4
3408 3374 15
3409 3361 1
3410 3370 2
3411 3405 8
3412 3380 1
3413 3410 9
3414 3362 1
3415 3366 9
3416 3411 12
3417 3412 12
3418 3385 2
3419 3362 9
3420 3373 4
3421 3362 8
3422 3416 10
3423 3385 1
3424 3419 15
3425 3395 7
3426 3394 12
3427 47 3
3428 3427 7
3429 3428 3
3430 3428 2
3431 3427 14
3432 3431 12
3433 3427 7
3434 3429 5
3435 3431 15
3436 3435 4
3437 3434 12
3438 3430 15
3439 3429 14
3440 3436 4
3441 3435 1
3442 3432 7
3443 3439 10
3444 3438 6
3445 3436 13
3446 3444 6
3447 3443 13
3448 3439 10
3449 3435 1
3450 47 12
3451 3449 7
3452 3430 12
3453 3447 13
3454 3449 14
3455 3444 14
3456 3439 11
3457 47 6
3458 3435 8
3459 3437 3
3460 3442 14
3461 3460 6
3462 3435 9
3463 3454 9
3464 3442 11
3465 47 11
3466 3445 9
3467 3465 11
3468 3460 4
3469 3429 9
3470 3469 12
3471 3463 11
3472 3437 7
3473 3470 6
3474 3442 8
3475 3458 5
3476 3459 10
3477 3461 14
3478 3462 13
3479 3451 6
3480 3436 10
3481 3455 12
3482 47 1
3483 3454 1
3484 3444 11
3485 3461 8
3486 3443 5
3487 3468 11
3488 3446 11
3489 3481 1
3490 3431 15
3491 3461 12
3492 3429 1
3493 3492 7
3494 3468 14
3495 3447 1
3496 3463 5
3497 3434 13
3498 48 2
3499 3498 15
3500 3498 7
3501 48 5
3502 3499 5
3503 3500 13
3504 3500 8
3505 3502 3
3506 3504 12
3507 3498 8
3508 3501 14
3509 3508 11
3510 48 12
3511 3507 6
3512 3511 3
3513 3512 8
3514 3498 4
3515 3513 2
3516 3499 2
3517 3504 15
3518 3512 7
3519 3498 12
3520 3513 15
3521 3499 3
3522 48 5
3523 3522 5
3524 3519 14
3525 3510 7
3526 3507 15
3527 3526 15
3528 3518 15
3529 3528 13
3530 3521 13
3531 3524 5
3532 3515 8
3533 3527 8
3534 3533 7
3535 48 2
3536 3513 12
3537 3504 15
3538 3513 11
3539 3512 4
3540 3526 4
3541 3503 7
3542 3538 4
3543 3516 6
3544 3511 6
3545 3509 4
3546 3536 13
3547 3498 4
3548 3521 4
3549 3529 7
3550 3539 13
3551 3511 8
3552 3532 11
3553 3503 4
3554 3537 4
3555 3521 9
3556 3500 15
3557 3503 13
3558 3508 3
3559 3544 3
3560 3529 11
3561 3523 11
3562 3550 7
3563 3523 12
3564 3513 3
3565 3559 5
3566 3525 11
3567 3527 8
3568 3554 11
3569 3511 14
3570 49 12
3571 3570 15
3572 49 1
3573 3571 6
3574 3572 12
3575 3574 1
3576 3574 8
3577 3570 6
3578 3574 11
3579 3576 12
3580 3570 14
3581 3577 15
3582 3570 3
3583 49 9
3584 3583 5
3585 3573 5
3586 3585 5
3587 3582 12
3588 3571 10
3589 49 10
3590 3585 4
3591 3586 5
3592 3574 3
3593 3572 14
3594 49 7
3595 3573 15
3596 3581 10
3597 3590 5
3598 3575 3
3599 3586 9
3600 3598 13
3601 3596 14
3602 3571 5
3603 3586 1
3604 3570 5
3605 3577 12
3606 3574 1
3607 3576 3
3608 3580 8
3609 3583 9
3610 3570 13
3611 3598 1
3612 3572 3
3613 3572 8
3614 3612 14
3615 3610 5
3616 3586 10
3617 3582 14
3618 3596 5
3619 3607 15
3620 3594 10
3621 3620 5
3622 3572 1
3623 3603 6
3624 3572 5
3625 3572 2
3626 3596 3
3627 3589 2
3628 3571 2
3629 3587 6
3630 3579 1
3631 3583 12
3632 3590 2
3633 3589 8
3634 3585 12
3635 3619 14
3636 3635 2
3637 3591 5
3638 3604 6
3639 3609 1
3640 3626 10
3641 50 5
3642 50 6
3643 3642 14
3644 3641 14
3645 50 14
3646 3644 13
3647 3645 3
3648 50 10
3649 3646 3
3650 3646 8
3651 3645 1
3652 3641 10
3653 3644 9
3654 50 2
3655 3649 1
3656 3645 6
3657 3646 11
3658 3650 1
3659 3657 9
3660 3648 7
3661 3642 7
3662 3657 8
3663 3643 2
3664 3662 8
3665 3641 10
3666 3653 7
3667 3642 9
3668 3667 10
3669 3661 3
3670 3656 1
3671 3659 4
3672 3668 12
3673 3656 12
3674 3670 13
3675 3652 15
3676 3671 7
3677 3668 9
3678 3675 1
3679 3644 6
3680 3651 13
3681 3655 9
3682 50 3
3683 3667 8
3684 3641 11
3685 3682 9
3686 3674 8
3687 3684 10
3688 3677 1
3689 50 5
3690 3659 13
3691 3682 7
3692 3691 13
3693 3666 10
3694 3675 14
3695 3647 7
3696 3656 13
3697 3653 1
3698 3674 15
3699 3695 6
3700 3687 2
3701 3655 12
3702 3693 3
3703 3643 14
3704 3660 12
3705 3694 6
3706 3674 10
3707 3653 15
3708 3641 8
3709 3657 8
3710 3697 7
3711 3673 8
3712 51 2
3713 3712 15
3714 51 3
3715 3714 12
3716 3713 14
3717 51 1
3718 3715 9
3719 3716 5
3720 3716 9
3721 3714 10
3722 3713 3
3723 3722 5
3724 3715 14
3725 3720 4
3726 3719 13
3727 3719 2
3728 3725 7
3729 3718 7
3730 3713 11
3731 3729 11
3732 3730 9
3733 3714 11
3734 3713 8
3735 3726 10
3736 3726 9
3737 3730 12
3738 3723 5
3739 3719 2
3740 3730 15
3741 3733 15
3742 3713 14
3743 3740 3
3744 3733 3
3745 3717 7
3746 3715 6
3747 3734 6
3748 3739 4
3749 3734 12
3750 3723 11
3751 3744 9
3752 3731 11
3753 3713 4
3754 3749 11
3755 3744 11
3756 3741 13
3757 3737 9
3758 3733 14
3759 3748 7
3760 3731 15
3761 3719 3
3762 3735 14
3763 3723 8
3764 3763 6
3765 3732 4
3766 3748 7
3767 3741 1
3768 3748 13
3769 3743 5
3770 3751 5
3771 3748 3
3772 3747 13
3773 3716 4
3774 3760 2
3775 3716 3
3776 3717 11
3777 3753 2
3778 3760 9
3779 3738 12
3780 3726 13
3781 3719 13
3782 3741 11
3783 3716 14
3784 52 6
3785 52 5
3786 52 11
3787 3786 3
3788 52 13
3789 3787 4
3790 52 2
3791 3785 3
3792 3789 2
3793 3791 3
3794 3787 9
3795 3786 9
3796 3786 5
3797 3785 3
3798 3794 5
3799 3793 4
3800 3796 10
3801 3793 3
3802 3801 6
3803 3788 3
3804 3795 8
3805 3784 9
3806 3786 1
3807 3802 15
3808 3801 4
3809 3792 7
3810 3797 3
3811 3803 11
3812 3806 11
3813 3787 11
3814 3804 8
3815 3792 11
3816 3792 8
3817 3794 1
3818 3793 2
3819 3786 2
3820 3798 1
3821 3800 15
3822 3814 4
3823 3822 14
3824 3823 9
3825 3802 9
3826 3802 9
3827 3816 6
3828 3797 14
3829 3800 12
3830 3801 4
3831 3800 11
3832 3804 10
3833 3812 6
3834 3822 13
3835 3823 14
3836 3831 12
3837 3824 6
3838 3788 15
3839 3822 1
3840 3815 9
3841 3816 9
3842 3822 9
3843 3826 1
3844 3821 12
3845 3835 3
3846 3834 2
3847 3835 3
3848 3824 6
3849 3815 4
3850 3807 6
3851 3847 8
3852 3829 11
3853 3820 2
3854 3805 3
3855 53 5
3856 3855 4
3857 53 2
3858 3855 2
3859 53 9
3860 3857 11
3861 3859 12
3862 3855 11
3863 53 11
3864 3855 12
3865 3860 6
3866 3855 14
3867 3858 9
3868 3856 9
3869 3857 5
3870 3860 4
3871 3869 6
3872 3867 3
3873 3872 14
3874 3865 13
3875 3870 2
3876 3873 14
3877 3859 3
3878 3875 15
3879 3871 11
3880 3878 7
3881 3863 2
3882 3870 1
3883 3873 1
3884 3878 8
3885 3875 4
3886 3883 3
3887 3874 7
3888 3858 5
3889 53 4
3890 3872 13
3891 3866 2
3892 3875 5
3893 3856 1
3894 3886 10
3895 3889 13
3896 3887 15
3897 3888 13
3898 3889 3
3899 3893 2
3900 3893 4
3901 3875 14
3902 3860 2
3903 3872 14
3904 3901 3
3905 3875 8
3906 3893 1
3907 3867 1
3908 3879 3
3909 3864 9
3910 3900 8
3911 3874 10
3912 3904 14
3913 3882 4
3914 3860 1
3915 3899 11
3916 3885 1
3917 3893 13
3918 3901 3
3919 3886 14
3920 53 7
3921 3877 15
3922 3873 4
3923 3890 8
3924 3861 12
3925 3892 8
3926 3909 14
3927 54 10
3928 54 9
3929 3928 8
3930 3928 2
3931 3927 12
3932 3931 13
3933 3928 10
3934 54 1
3935 3930 13
3936 3935 9
3937 3936 9
3938 3934 13
3939 3928 7
3940 3931 9
3941 3929 10
3942 3939 15
3943 3929 13
3944 3928 7
3945 3943 4
3946 3939 5
3947 3937 1
3948 3929 7
3949 3939 14
3950 3930 3
3951 54 1
3952 3945 10
3953 3939 10
3954 3937 14
3955 3939 14
3956 3938 5
3957 3945 8
3958 3938 7
3959 3943 13
3960 3933 11
3961 3957 9
3962 3932 8
3963 3955 13
3964 3943 12
3965 3938 3
3966 3955 3
3967 3957 14
3968 3959 1
3969 3962 1
3970 3943 10
3971 3969 6
3972 3959 9
3973 3942 1
3974 3940 2
3975 3930 9
3976 3947 10
3977 3973 12
3978 3948 2
3979 3949 1
3980 3973 5
3981 3927 15
3982 3942 5
3983 3973 10
3984 3978 4
3985 3960 2
3986 3936 12
3987 3963 9
3988 3941 3
3989 3947 4
3990 3932 11
3991 3958 12
3992 3934 11
3993 3964 10
3994 3982 8
3995 3976 11
3996 3970 4
3997 3969 14
3998 55 7
3999 55 9
4000 55 1
4001 3998 9
4002 4001 9
4003 55 2
4004 3999 2
4005 3999 3
4006 4003 9
4007 3998 5
4008 3998 14
4009 4004 7
4010 4000 1
4011 3999 14
4012 4009 14
4013 4010 4
4014 4013 7
4015 4007 4
4016 4012 4
4017 4013 12
4018 4000 10
4019 4001 15
4020 4007 8
4021 4002 3
4022 4010 8
4023 4018 6
4024 4017 3
4025 4011 9
4026 4015 4
4027 4013 15
4028 4008 7
4029 4019 5
4030 4025 14
4031 4018 10
4032 4012 10
4033 3998 2
4034 55 3
4035 4020 12
4036 4032 10
4037 4026 3
4038 4029 3
4039 4006 2
4040 4025 4
4041 4031 10
4042 4015 7
4043 4022 7
4044 4021 13
4045 4014 8
4046 4023 1
4047 55 6
4048 4019 3
4049 4043 10
4050 4007 10
4051 4034 1
4052 4049 7
4053 4025 5
4054 55 2
4055 4050 12
4056 4001 11
4057 4047 10
4058 4042 15
4059 4039 6
4060 4013 10
4061 4025 3
4062 4056 6
4063 4022 1
4064 4033 15
4065 4032 14
4066 4052 2
4067 4048 4
4068 4002 5
4069 4012 3
4070 56 11
4071 56 4
4072 4071 12
4073 4071 11
4074 4073 3
4075 56 15
4076 4073 6
4077 56 2
4078 4072 8
4079 4073 6
4080 4071 15
4081 4080 1
4082 56 6
4083 4072 12
4084 4071 14
4085 4074 15
4086 4075 14
4087 4077 10
4088 4072 3
4089 4077 6
4090 4086 9
4091 4077 2
4092 4077 8
4093 56 11
4094 4073 6
4095 4083 2
4096 4077 5
4097 4073 9
4098 4097 12
4099 4085 11
4100 4086 13
4101 4072 9
4102 4099 1
4103 4076 13
4104 4091 13
4105 4078 7
4106 4078 8
4107 4080 13
4108 4107 6
4109 4078 5
4110 4103 12
4111 4074 10
4112 4091 11
4113 4109 9
4114 4078 8
4115 4094 1
4116 4084 15
4117 4097 9
4118 4115 10
4119 4075 8
4120 4119 7
4121 4106 6
4122 4070 5
4123 4120 14
4124 4089 14
4125 4097 10
4126 4100 3
4127 4070 11
4128 4077 15
4129 4117 1
4130 4087 13
4131 4109 10
4132 4126 14
4133 4099 6
4134 4081 13
4135 4124 14
4136 4120 2
4137 4086 12
4138 4116 5
4139 4122 12
4140 4088 3
4141 57 8
4142 4141 7
4143 4142 7
4144 4141 11
4145 57 6
4146 4142 6
4147 4142 13
4148 4142 11
4149 57 3
4150 4144 8
4151 4150 5
4152 4141 12
4153 4141 8
4154 4145 1
4155 4142 10
4156 4154 12
4157 4148 15
4158 4143 14
4159 4156 6
4160 4159 12
4161 4154 11
4162 4147 9
4163 4151 5
4164 4162 8
4165 4158 4
4166 4155 9
4167 4160 14
4168 4164 7
4169 4149 15
4170 4164 8
4171 4167 3
4172 4167 9
4173 4160 15
4174 4163 2
4175 4162 9
4176 4169 2
4177 4165 8
4178 4169 1
4179 4156 1
4180 4174 8
4181 4144 7
4182 4157 13
4183 4178 7
4184 4160 14
4185 4160 3
4186 4177 7
4187 4151 3
4188 4182 13
4189 4158 10
4190 57 13
4191 4148 14
4192 57 7
4193 4152 10
4194 4165 11
4195 4190 14
4196 4179 12
4197 4190 3
4198 4180 10
4199 4163 12
4200 4155 1
4201 4142 5
4202 4170 6
4203 4160 6
4204 4183 8
4205 4198 6
4206 4166 3
4207 4141 8
4208 4200 11
4209 4169 15
4210 4195 15
4211 4177 10
4212 58 2
4213 4212 1
4214 4212 11
4215 4214 5
4216 4212 12
4217 4215 12
4218 4214 2
4219 4218 12
4220 4216 15
4221 4217 14
4222 4214 5
4223 4220 11
4224 4218 2
4225 4219 13
4226 4214 7
4227 4214 3
4228 4225 5
4229 4221 12
4230 4222 1
4231 4230 9
4232 4216 11
4233 4216 3
4234 4228 15
4235 58 6
4236 4223 14
4237 4225 6
4238 4228 7
4239 4224 8
4240 4235 1
4241 4234 15
4242 4215 10
4243 4228 8
4244 4226 14
4245 4228 8
4246 4234 14
4247 4222 8
4248 4222 7
4249 4224 7
4250 4249 12
4251 4216 4
4252 4214 3
4253 4230 5
4254 4240 9
4255 4247 10
4256 4242 12
4257 4247 8
4258 4214 8
4259 4218 13
4260 4231 15
4261 4259 8
4262 4247 9
4263 4218 2
4264 4248 11
4265 4263 13
4266 4214 6
4267 4254 7
4268 4260 3
4269 4251 2
4270 4219 5
4271 4266 13
4272 4219 9
4273 4267 15
4274 4269 5
4275 4224 11
4276 4257 13
4277 4215 15
4278 4225 9
4279 4274 12
4280 4250 9
4281 4246 14
4282 4267 7
4283 4279 13
4284 59 15
4285 59 10
4286 59 10
4287 4286 12
4288 59 1
4289 4286 3
4290 4288 5
4291 59 1
4292 4289 11
4293 4286 2
4294 4284 9
4295 4284 5
4296 4291 7
4297 4295 5
4298 4297 6
4299 4284 7
4300 4292 7
4301 4299 9
4302 59 6
4303 59 6
4304 4302 14
4305 59 4
4306 4291 5
4307 4299 8
4308 4284 1
4309 59 13
4310 4305 3
4311 4298 13
4312 4306 13
4313 4302 8
4314 59 9
4315 4291 10
4316 4289 5
4317 4297 6
4318 4288 1
4319 4313 6
4320 4309 10
4321 4307 15
4322 4297 3
4323 4292 2
4324 4285 10
4325 4305 5
4326 4310 8
4327 4315 11
4328 4309 10
4329 4306 13
4330 4286 3
4331 4286 13
4332 4330 15
4333 4301 10
4334 4325 2
4335 4322 1
4336 4324 12
4337 4303 7
4338 4312 10
4339 4316 7
4340 4303 1
4341 4300 15
4342 4290 1
4343 4286 9
4344 4285 4
4345 4315 4
4346 4337 3
4347 4330 13
4348 4301 4
4349 4337 15
4350 4343 12
4351 4300 3
4352 4344 8
4353 4302 4
4354 4287 8
4355 60 1
4356 4355 13
4357 4355 13
4358 4355 6
4359 60 6
4360 60 3
4361 4360 11
4362 4359 12
4363 4362 9
4364 4358 5
4365 4361 9
4366 4356 6
4367 4359 11
4368 4358 14
4369 4357 14
4370 4355 6
4371 4370 13
4372 4365 10
4373 4372 4
4374 4360 13
4375 4363 3
4376 4359 8
4377 4362 12
4378 4362 10
4379 4368 13
4380 4357 7
4381 4379 8
4382 4358 1
4383 4367 9
4384 4379 14
4385 4360 14
4386 4385 2
4387 4376 1
4388 4361 8
4389 4358 5
4390 4389 7
4391 4358 9
4392 4370 1
4393 4384 2
4394 4357 7
4395 4377 8
4396 4381 1
4397 4387 13
4398 4376 8
4399 4378 13
4400 4371 8
4401 4355 4
4402 4362 10
4403 4357 8
4404 4391 12
4405 4389 12
4406 4377 15
4407 4367 8
4408 4389 5
4409 4363 1
4410 4390 13
4411 4409 11
4412 4373 14
4413 4390 14
4414 4391 6
4415 60 7
4416 4369 15
4417 4393 5
4418 4380 8
4419 4382 9
4420 4399 8
4421 4378 10
4422 4406 1
4423 4367 4
4424 4421 14
4425 4356 2
4426 4389 14
4427 61 12
4428 4427 11
4429 4427 9
4430 61 14
4431 4428 9
4432 4427 1
4433 4427 5
4434 61 6
4435 4432 14
4436 4429 11
4437 4435 10
4438 4433 14
4439 4429 10
4440 4429 1
4441 4431 5
4442 4437 9
4443 4434 5
4444 4438 1
4445 4437 15
4446 4444 8
4447 4438 14
4448 4433 14
4449 4438 13
4450 4444 4
4451 4437 14
4452 4448 15
4453 4451 1
4454 4427 10
4455 4445 3
4456 4445 15
4457 4431 4
4458 4428 3
4459 4436 10
4460 4453 6
4461 4450 3
4462 4434 11
4463 4427 13
4464 4457 3
4465 4432 8
4466 4431 10
4467 4466 14
4468 4438 14
4469 4456 3
4470 4461 15
4471 4470 4
4472 4465 9
4473 4446 8
4474 4467 13
4475 4467 6
4476 4443 11
4477 4459 1
4478 4473 14
4479 4447 7
4480 4476 10
4481 4457 13
4482 4437 13
4483 4455 5
4484 4482 14
4485 4477 5
4486 4458 8
4487 4460 7
4488 4428 9
4489 4446 4
4490 4468 5
4491 4433 9
4492 4473 2
4493 4441 14
4494 4453 9
4495 4481 3
4496 4429 15
4497 4468 12
4498 62 12
4499 62 7
4500 62 11
4501 4498 5
4502 4498 12
4503 4502 1
4504 4502 13
4505 4498 2
4506 4500 5
4507 4500 11
4508 4503 2
4509 4503 2
4510 4509 13
4511 4500 6
4512 4510 6
4513 4504 3
4514 4501 4
4515 62 2
4516 4498 10
4517 4506 11
4518 4498 8
4519 4513 11
4520 62 8
4521 4520 13
4522 4516 2
4523 4513 8
4524 4506 4
4525 4500 2
4526 4501 8
4527 4522 9
4528 4525 14
4529 4522 1
4530 4513 4
4531 4506 12
4532 4515 11
4533 4502 3
4534 4503 15
4535 4498 1
4536 4525 14
4537 4515 15
4538 4515 10
4539 4526 10
4540 4498 6
4541 4501 7
4542 4529 2
4543 4523 4
4544 4530 15
4545 4519 5
4546 4511 8
4547 4541 10
4548 4520 1
4549 4499 6
4550 4504 5
4551 4505 3
4552 4535 5
4553 4531 7
4554 4535 5
4555 4537 3
4556 4505 4
4557 4514 9
4558 4522 9
4559 4555 7
4560 4514 11
4561 4542 6
4562 4549 11
4563 4541 12
4564 4563 9
4565 4528 4
4566 4526 4
4567 4554 7
4568 4512 11
4569 4539 3
4570 63 14
4571 63 14
4572 4570 7
4573 4570 10
4574 4573 2
4575 63 7
4576 4571 11
4577 4570 14
4578 63 2
4579 4574 7
4580 63 9
4581 4578 1
4582 4578 11
4583 4575 2
4584 4571 5
4585 4573 5
4586 63 10
4587 4572 2
4588 4573 11
4589 4586 2
4590 4578 14
4591 4573 10
4592 4578 7
4593 4570 2
4594 4591 11
4595 4571 7
4596 4579 9
4597 4571 2
4598 4593 5
4599 4579 11
4600 4571 3
4601 4584 9
4602 4581 10
4603 4588 4
4604 4592 12
4605 4575 12
4606 4598 9
4607 4588 5
4608 4588 7
4609 4581 13
4610 4570 8
4611 4573 10
4612 4587 2
4613 4586 2
4614 4611 15
4615 4582 4
4616 4578 4
4617 4615 15
4618 4583 9
4619 4570 2
4620 4601 7
4621 4618 9
4622 4611 8
4623 4603 14
4624 4593 8
4625 4598 15
4626 4606 5
4627 4579 4
4628 4592 8
4629 4625 6
4630 4578 10
4631 4617 15
4632 4628 4
4633 4628 13
4634 4605 3
4635 4586 1
4636 4627 4
4637 4615 5
4638 4588 1
4639 4634 10
4640 4626 9
4641 64 11
4642 64 12
4643 4642 10
4644 4643 6
4645 4643 6
4646 4642 1
4647 4646 14
4648 64 6
4649 4642 4
4650 4649 11
4651 4644 11
4652 4644 7
4653 4647 15
4654 64 12
4655 4642 10
4656 4648 13
4657 4647 12
4658 4646 7
4659 4657 8
4660 4659 2
4661 4657 11
4662 4655 12
4663 4654 8
4664 4644 1
4665 4658 13
4666 4657 7
4667 4645 2
4668 4667 5
4669 4645 1
4670 4668 6
4671 4659 13
4672 4642 3
4673 4672 8
4674 4656 5
4675 4670 7
4676 4641 14
4677 4666 3
4678 4654 1
4679 4658 13
4680 4675 1
4681 4650 8
4682 4675 5
4683 4641 14
4684 4652 3
4685 4653 10
4686 4648 15
4687 4655 10
4688 4676 15
4689 4657 3
4690 4647 8
4691 4657 11
4692 4656 15
4693 4645 8
4694 4642 13
4695 4645 14
4696 4664 4
4697 4668 11
4698 4691 11
4699 4650 15
4700 4681 6
4701 4680 13
4702 4701 10
4703 4654 6
4704 4671 11
4705 4661 7
4706 4660 13
4707 4657 12
4708 4687 14
4709 4684 7
4710 4695 4
4711 4677 6
4712 65 9
4713 65 9
4714 4713 5
4715 4713 14
4716 4712 8
4717 4715 3
4718 4712 6
4719 4717 12
4720 4712 5
4721 4714 5
4722 4717 12
4723 4716 14
4724 4714 6
4725 4721 2
4726 4719 2
4727 4717 9
4728 4726 6
4729 4714 9
4730 4720 10
4731 4721 1
4732 4718 7
4733 4728 1
4734 4733 5
4735 4719 6
4736 4726 9
4737 4728 9
4738 65 4
4739 4722 14
4740 4727 14
4741 4734 2
4742 4731 6
4743 4732 5
4744 4716 11
4745 4744 9
4746 4721 8
4747 4714 4
4748 4733 8
4749 4719 10
4750 4738 12
4751 4727 2
4752 4747 8
4753 4720 3
4754 4751 9
4755 4741 14
4756 4735 8
4757 4753 13
4758 4743 14
4759 4757 3
4760 4724 4
4761 4719 13
4762 4723 7
4763 4733 7
4764 4716 8
4765 4724 6
4766 4750 8
4767 4766 12
4768 4736 15
4769 4745 5
4770 4745 9
4771 4718 4
4772 4764 10
4773 4747 3
4774 4744 7
4775 4763 4
4776 4736 9
4777 4740 8
4778 4749 4
4779 4740 14
4780 4754 14
4781 4774 8
4782 4721 13
4783 4719 4
4784 66 12
4785 66 7
4786 4785 2
4787 4784 4
4788 4785 6
4789 4786 5
4790 4789 4
4791 4788 7
4792 4789 10
4793 4786 13
4794 4784 4
4795 4787 4
4796 66 12
4797 4791 7
4798 4789 3
4799 4794 12
4800 4791 10
4801 4800 10
4802 4796 10
4803 4789 4
4804 4794 5
4805 4804 5
4806 4792 9
4807 4797 15
4808 4792 10
4809 4786 15
4810 4797 12
4811 4790 10
4812 4801 11
4813 4799 7
4814 4808 2
4815 4786 13
4816 4787 10
4817 4792 7
4818 4798 7
4819 4795 4
4820 4799 11
4821 4786 14
4822 4787 11
4823 66 13
4824 4794 7
4825 4810 15
4826 4817 14
4827 4813 3
4828 4806 5
4829 4784 2
4830 4820 12
4831 4798 7
4832 4786 12
4833 4823 15
4834 4820 1
4835 4813 12
4836 4823 9
4837 4806 5
4838 4790 8
4839 4790 8
4840 4833 5
4841 4837 1
4842 4839 14
4843 4811 15
4844 4828 13
4845 4818 11
4846 4814 10
4847 4845 14
4848 4807 10
4849 4794 14
4850 4824 13
4851 4835 14
4852 4821 3
4853 4836 5
4854 4842 3
4855 67 15
4856 67 10
4857 4855 1
4858 4856 2
4859 67 15
4860 4857 2
4861 4859 4
4862 4861 3
4863 4861 1
4864 4858 4
4865 4862 9
4866 4856 2
4867 4866 12
4868 4860 6
4869 4859 5
4870 4862 1
4871 4867 6
4872 4866 2
4873 4864 2
4874 4865 9
4875 4864 13
4876 4875 15
4877 4866 7
4878 4865 10
4879 4858 2
4880 4859 3
4881 4868 3
4882 4880 2
4883 4867 7
4884 4859 8
4885 4865 10
4886 4869 14
4887 4880 4
4888 4886 3
4889 4861 2
4890 4857 3
4891 4865 1
4892 4855 6
4893 4867 1
4894 4866 7
4895 4870 8
4896 4890 1
4897 4890 1
4898 4861 14
4899 4894 5
4900 4861 14
4901 4872 14
4902 4892 11
4903 4886 3
4904 4875 10
4905 4857 9
4906 4897 2
4907 4899 5
4908 4905 13
4909 4872 8
4910 4906 9
4911 4890 3
4912 4859 13
4913 4859 4
4914 4880 2
4915 4892 3
4916 4907 15
4917 4899 8
4918 4881 11
4919 4905 8
4920 4875 1
4921 4886 2
4922 4892 2
4923 4867 8
4924 4923 13
4925 67 3
4926 4866 5
4927 68 6
4928 4927 9
4929 4927 3
4930 4929 5
4931 4927 2
4932 4929 2
4933 4932 1
4934 4931 13
4935 4927 11
4936 4931 14
4937 4931 14
4938 4937 10
4939 4931 11
4940 4939 11
4941 4928 10
4942 4939 2
4943 4937 10
4944 4928 4
4945 4937 12
4946 4933 3
4947 4939 3
4948 4937 8
4949 4945 11
4950 4930 14
4951 4928 14
4952 4940 2
4953 4952 12
4954 4953 13
4955 4929 12
4956 4932 13
4957 4947 6
4958 4941 3
4959 4933 8
4960 4942 14
4961 4935 9
4962 4937 12
4963 4933 7
4964 4962 8
4965 4961 8
4966 4949 5
4967 4960 4
4968 4963 15
4969 4950 4
4970 4966 3
4971 4949 12
4972 4955 11
4973 4964 14
4974 4966 12
4975 4965 11
4976 4943 5
4977 4966 15
4978 4973 7
4979 4945 14
4980 4957 9
4981 4974 5
4982 4930 12
4983 4939 15
4984 4973 8
4985 4978 6
4986 4960 14
4987 4977 14
4988 4964 14
4989 4956 3
4990 4933 8
4991 4959 14
4992 4955 10
4993 4971 4
4994 4930 7
4995 4994 2
4996 4937 13
4997 4962 13
4998 69 12
4999 4998 14
5000 69 11
5001 69 7
5002 4999 6
5003 5002 12
5004 5003 2
5005 5000 8
5006 69 2
5007 69 14
5008 5006 11
5009 4999 5
5010 5009 13
5011 69 13
5012 5002 3
5013 5001 4
5014 5007 12
5015 69 7
5016 5006 1
5017 5014 3
5018 4999 7
5019 5005 11
5020 5016 5
5021 5002 11
5022 69 12
5023 5009 14
5024 5023 4
5025 5001 5
5026 5000 6
5027 5001 12
5028 5026 9
5029 5028 7
5030 5008 1
5031 5009 5
5032 5006 5
5033 5022 13
5034 5000 8
5035 5017 9
5036 5022 12
5037 4998 8
5038 5027 12
5039 5002 9
5040 5032 11
5041 5015 10
5042 5036 7
5043 5007 2
5044 5032 2
5045 5017 14
5046 5044 10
5047 5020 5
5048 5022 14
5049 5003 6
5050 5038 12
5051 5013 3
5052 5047 11
5053 5019 8
5054 5041 9
5055 5034 11
5056 4999 14
5057 4999 11
5058 5013 12
5059 5057 15
5060 5035 6
5061 5051 15
5062 5007 13
5063 5052 1
5064 5015 10
5065 5046 14
5066 5029 2
5067 5016 11
5068 5058 4
5069 5017 4
