200 0 1
201 0 2
202 0 1
203 201 3
204 202 4
205 202 1
206 203 1
207 203 4
208 200 1
209 207 4
210 202 4
211 206 3
212 208 4
213 206 1
214 201 1
215 207 1
216 206 1
217 205 4
218 216 3
219 216 2
220 219 4
221 218 4
222 212 4
223 222 1
224 207 3
225 1 4
226 225 2
227 1 2
228 227 2
229 227 4
230 228 2
231 227 4
232 226 1
233 225 2
234 228 1
235 232 2
236 232 2
237 225 1
238 232 1
239 231 4
240 225 4
241 228 3
242 236 1
243 242 2
244 232 2
245 229 4
246 235 4
247 239 2
248 225 2
249 243 3
250 2 3
251 2 4
252 251 1
253 252 3
254 250 1
255 2 2
256 2 4
257 2 4
258 250 3
259 256 1
260 253 1
261 250 4
262 253 4
263 255 1
264 255 4
265 250 4
266 258 1
267 253 4
268 258 1
269 251 3
270 2 1
271 262 2
272 252 4
273 260 2
274 251 1
275 3 4
276 275 3
277 3 1
278 275 1
279 276 3
280 276 3
281 275 1
282 279 2
283 277 3
284 283 4
285 281 3
286 283 1
287 281 4
288 286 4
289 283 1
290 277 3
291 281 4
292 276 2
293 281 1
294 290 2
295 284 3
296 292 2
297 290 1
298 292 2
299 285 1
300 4 3
301 300 1
302 300 1
303 302 2
304 4 3
305 4 3
306 302 1
307 302 4
308 304 3
309 308 2
310 304 3
311 302 3
312 306 1
313 310 3
314 304 2
315 300 3
316 4 4
317 311 4
318 314 1
319 303 2
320 305 4
321 317 4
322 300 1
323 316 3
324 322 1
325 5 3
326 325 2
327 325 1
328 327 4
329 326 3
330 5 4
331 327 3
332 329 3
333 325 3
334 5 2
335 331 3
336 5 4
337 333 1
338 333 1
339 333 2
340 326 2
341 5 2
342 332 4
343 341 4
344 341 4
345 341 2
346 326 1
347 336 2
348 335 4
349 328 4
350 6 1
351 6 2
352 351 2
353 352 1
354 352 1
355 353 3
356 351 2
357 356 4
358 353 4
359 351 4
360 354 4
361 355 2
362 6 1
363 352 4
364 359 2
365 357 2
366 352 3
367 353 4
368 354 3
369 353 4
370 366 4
371 354 1
372 6 3
373 363 2
374 357 1
375 7 4
376 7 2
377 375 4
378 377 3
379 375 4
380 377 1
381 378 2
382 379 2
383 381 2
384 376 3
385 382 4
386 378 1
387 382 1
388 7 3
389 386 2
390 376 1
391 390 2
392 379 4
393 383 2
394 378 2
395 378 4
396 379 2
397 377 4
398 379 3
399 388 4
400 8 1
401 8 1
402 401 4
403 8 1
404 401 2
405 8 1
406 400 3
407 404 1
408 402 2
409 402 1
410 405 4
411 8 4
412 403 4
413 408 3
414 401 4
415 401 4
416 402 3
417 400 4
418 401 1
419 411 1
420 401 1
421 414 2
422 412 1
423 417 1
424 418 4
425 9 1
426 9 2
427 426 1
428 427 3
429 427 2
430 9 3
431 428 2
432 427 4
433 432 2
434 425 2
435 428 2
436 435 3
437 434 2
438 426 2
439 432 2
440 426 4
441 435 4
442 430 4
443 426 3
444 435 2
445 439 2
446 425 2
447 446 4
448 443 4
449 434 1
450 10 4
451 10 3
452 450 2
453 450 3
454 452 1
455 452 2
456 455 3
457 10 1
458 455 2
459 458 2
460 454 1
461 451 4
462 454 4
463 455 2
464 455 4
465 10 1
466 10 4
467 454 3
468 465 1
469 462 3
470 468 1
471 470 3
472 451 4
473 466 3
474 10 1
475 11 3
476 11 2
477 475 4
478 476 4
479 477 4
480 479 1
481 475 4
482 476 4
483 477 4
484 481 4
485 478 4
486 478 1
487 484 2
488 478 2
489 486 1
490 487 1
491 475 3
492 487 3
493 491 3
494 475 1
495 485 3
496 494 2
497 496 4
498 489 1
499 477 1
500 12 3
501 12 2
502 500 2
503 12 2
504 500 4
505 12 1
506 501 1
507 502 2
508 500 4
509 506 3
510 502 3
511 502 4
512 511 4
513 506 1
514 503 1
515 510 2
516 511 1
517 515 1
518 516 1
519 514 3
520 503 1
521 502 4
522 501 3
523 505 1
524 522 1
525 13 3
526 525 2
527 525 4
528 13 1
529 528 3
530 526 3
531 530 4
532 526 2
533 530 1
534 13 2
535 533 3
536 526 3
537 525 2
538 525 4
539 531 2
540 537 2
541 528 1
542 13 1
543 539 2
544 542 4
545 531 2
546 534 3
547 536 4
548 546 3
549 546 3
550 14 3
551 550 1
552 550 1
553 552 1
554 552 4
555 550 2
556 555 4
557 552 3
558 556 4
559 554 2
560 552 3
561 550 2
562 556 2
563 560 1
564 563 2
565 558 3
566 551 1
567 555 2
568 14 3
569 566 1
570 566 3
571 558 4
572 571 2
573 557 1
574 551 4
575 15 4
576 15 1
577 575 1
578 577 2
579 576 3
580 576 4
581 580 4
582 579 4
583 582 1
584 576 4
585 578 1
586 584 3
587 582 4
588 584 2
589 588 2
590 582 4
591 579 3
592 588 4
593 578 3
594 577 2
595 15 1
596 578 4
597 584 1
598 586 4
599 15 3
600 16 1
601 600 3
602 601 1
603 16 4
604 602 2
605 604 2
606 16 1
607 602 2
608 16 1
609 16 3
610 606 3
611 606 2
612 601 4
613 600 3
614 600 2
615 611 3
616 605 1
617 612 3
618 604 3
619 600 3
620 614 4
621 615 2
622 606 3
623 602 4
624 611 2
625 17 4
626 17 3
627 626 2
628 626 1
629 625 2
630 628 4
631 627 4
632 629 4
633 628 2
634 633 3
635 627 2
636 635 3
637 625 4
638 17 1
639 627 1
640 635 1
641 637 4
642 17 4
643 639 3
644 640 3
645 635 3
646 639 2
647 638 1
648 646 4
649 631 2
650 18 2
651 18 2
652 651 3
653 18 4
654 652 4
655 651 4
656 652 2
657 650 4
658 652 3
659 653 1
660 656 2
661 18 1
662 656 4
663 18 1
664 657 4
665 657 3
666 653 3
667 653 4
668 655 3
669 657 2
670 666 4
671 666 1
672 654 3
673 672 2
674 655 1
675 19 4
676 675 1
677 19 1
678 676 2
679 677 1
680 675 1
681 675 2
682 680 3
683 681 2
684 683 1
685 679 3
686 676 3
687 686 1
688 677 1
689 675 3
690 677 4
691 686 3
692 691 2
693 691 1
694 686 4
695 692 4
696 695 2
697 686 2
698 694 3
699 686 1
700 20 4
701 700 1
702 700 3
703 20 3
704 703 2
705 20 1
706 20 4
707 700 1
708 700 1
709 700 1
710 704 2
711 708 4
712 708 3
713 709 4
714 700 4
715 705 3
716 708 1
717 710 1
718 709 2
719 718 1
720 712 4
721 715 1
722 717 1
723 707 2
724 706 1
725 21 4
726 21 3
727 725 1
728 726 1
729 21 4
730 729 1
731 729 4
732 727 2
733 726 2
734 733 3
735 732 3
736 21 2
737 730 2
738 21 2
739 738 3
740 732 4
741 738 1
742 732 2
743 729 3
744 741 3
745 741 2
746 728 2
747 729 2
748 744 1
749 726 1
750 22 3
751 750 3
752 750 1
753 752 1
754 22 2
755 750 4
756 751 1
757 22 4
758 753 4
759 758 4
760 754 2
761 757 2
762 758 4
763 751 4
764 761 4
765 762 1
766 759 3
767 752 1
768 750 3
769 750 3
770 755 4
771 764 4
772 758 4
773 752 2
774 757 2
775 23 1
776 23 4
777 776 2
778 776 1
779 775 1
780 779 3
781 779 3
782 779 4
783 782 1
784 782 2
785 775 4
786 783 1
787 781 1
788 785 4
789 783 2
790 783 4
791 790 2
792 779 3
793 778 1
794 23 3
795 786 4
796 23 1
797 794 4
798 779 1
799 794 1
800 24 2
801 800 4
802 800 1
803 801 2
804 24 4
805 804 1
806 804 3
807 802 4
808 24 1
809 805 2
810 24 3
811 802 3
812 803 4
813 800 3
814 800 2
815 805 3
816 815 2
817 811 3
818 810 3
819 809 1
820 814 2
821 803 3
822 802 2
823 810 2
824 821 3
825 25 2
826 25 1
827 825 1
828 825 3
829 826 1
830 25 3
831 829 4
832 829 1
833 825 1
834 832 4
835 830 3
836 828 3
837 827 4
838 830 1
839 833 1
840 837 3
841 25 2
842 834 1
843 830 4
844 25 4
845 837 1
846 838 3
847 25 3
848 839 3
849 25 2
850 26 3
851 26 4
852 850 4
853 851 1
854 853 2
855 853 1
856 853 3
857 852 3
858 857 1
859 852 4
860 850 2
861 852 3
862 857 2
863 26 1
864 856 1
865 860 1
866 859 1
867 861 2
868 855 2
869 862 3
870 858 4
871 856 3
872 851 1
873 865 2
874 866 1
875 27 4
876 875 3
877 27 2
878 876 2
879 878 2
880 27 1
881 880 1
882 876 2
883 875 2
884 881 2
885 883 4
886 876 2
887 881 4
888 27 3
889 883 4
890 879 4
891 886 1
892 883 1
893 884 4
894 27 2
895 882 3
896 885 2
897 892 3
898 895 3
899 896 2
900 28 4
901 900 1
902 901 1
903 900 3
904 901 2
905 900 2
906 905 3
907 903 3
908 904 1
909 905 4
910 901 2
911 900 3
912 910 4
913 907 4
914 911 4
915 900 1
916 915 1
917 909 1
918 901 2
919 901 1
920 917 3
921 908 2
922 905 3
923 915 2
924 922 1
925 29 3
926 925 3
927 926 2
928 926 3
929 925 1
930 928 1
931 928 1
932 926 3
933 932 2
934 29 3
935 930 2
936 929 1
937 925 2
938 932 2
939 932 4
940 934 3
941 928 2
942 932 4
943 936 4
944 929 4
945 925 3
946 945 1
947 942 3
948 932 3
949 942 2
950 30 1
951 950 4
952 951 4
953 30 2
954 953 2
955 951 3
956 952 2
957 952 1
958 957 1
959 950 3
960 959 3
961 953 3
962 961 4
963 955 3
964 954 4
965 963 3
966 958 3
967 960 2
968 964 1
969 955 1
970 952 3
971 950 1
972 967 4
973 962 4
974 957 1
975 31 3
976 31 1
977 31 2
978 31 1
979 977 2
980 31 3
981 979 2
982 977 1
983 977 1
984 980 1
985 984 4
986 980 2
987 982 2
988 978 2
989 983 2
990 986 2
991 987 3
992 980 1
993 975 4
994 980 3
995 991 1
996 981 2
997 991 4
998 990 3
999 986 2
1000 32 3
1001 32 3
1002 1000 3
1003 32 1
1004 32 3
1005 1000 2
1006 32 1
1007 32 4
1008 1004 1
1009 1007 4
1010 1007 3
1011 1007 4
1012 1007 3
1013 1010 1
1014 1013 3
1015 32 1
1016 1001 1
1017 1010 1
1018 1001 4
1019 1016 4
1020 1009 3
1021 1001 1
1022 1016 3
1023 1011 2
1024 1005 2
1025 33 4
1026 1025 3
1027 33 4
1028 1027 4
1029 1026 3
1030 1027 2
1031 33 3
1032 1028 2
1033 1029 2
1034 1029 2
1035 1031 3
1036 1027 2
1037 1030 2
1038 1028 1
1039 1037 4
1040 1037 3
1041 1027 2
1042 1037 2
1043 1037 3
1044 1029 1
1045 1030 4
1046 1035 3
1047 1044 3
1048 1041 2
1049 1028 1
1050 34 1
1051 1050 1
1052 34 1
1053 1052 2
1054 1050 2
1055 1050 1
1056 1053 4
1057 1056 1
1058 1052 3
1059 1057 4
1060 1059 1
1061 1056 3
1062 1060 4
1063 1060 4
1064 1062 2
1065 1052 2
1066 1053 3
1067 1058 4
1068 1062 4
1069 1055 3
1070 1055 1
1071 1058 2
1072 1067 2
1073 1056 4
1074 1064 1
1075 35 3
1076 35 4
1077 1076 4
1078 35 4
1079 1075 4
1080 1075 1
1081 1080 4
1082 1081 4
1083 1076 4
1084 1083 4
1085 1077 2
1086 1079 3
1087 1085 3
1088 1080 4
1089 1081 2
1090 1076 1
1091 1088 1
1092 1080 4
1093 1079 2
1094 35 2
1095 1081 3
1096 1077 3
1097 1092 3
1098 1075 4
1099 1092 1
1100 36 4
1101 1100 1
1102 36 3
1103 1100 1
1104 1102 4
1105 1101 2
1106 1104 4
1107 1106 3
1108 1102 2
1109 1106 1
1110 1105 3
1111 1106 1
1112 1111 1
1113 36 4
1114 36 2
1115 1109 4
1116 1100 1
1117 1111 4
1118 1115 3
1119 1109 1
1120 1112 2
1121 1106 4
1122 1110 3
1123 1109 3
1124 1120 4
1125 37 4
1126 1125 1
1127 1125 4
1128 37 2
1129 1125 3
1130 1126 1
1131 1128 4
1132 1130 3
1133 37 4
1134 1127 1
1135 1131 2
1136 1135 3
1137 1127 1
1138 1130 1
1139 1128 3
1140 37 4
1141 1140 1
1142 1131 2
1143 1139 2
1144 1139 3
1145 1125 3
1146 1140 2
1147 1132 2
1148 1127 1
1149 1133 4
1150 38 3
1151 1150 3
1152 1151 3
1153 38 3
1154 1150 3
1155 1153 2
1156 38 1
1157 1155 3
1158 1154 2
1159 1150 4
1160 1153 4
1161 1152 3
1162 1161 3
1163 1158 4
1164 1163 1
1165 38 2
1166 1156 1
1167 1155 2
1168 1159 3
1169 1155 4
1170 1165 1
1171 1154 4
1172 1166 3
1173 1170 2
1174 1169 3
1175 39 2
1176 1175 1
1177 39 3
1178 1177 4
1179 1176 3
1180 1177 1
1181 1175 3
1182 1176 2
1183 1176 1
1184 1181 3
1185 39 3
1186 1185 1
1187 1183 2
1188 1186 3
1189 1183 3
1190 1186 1
1191 1183 2
1192 1189 1
1193 1186 1
1194 1176 3
1195 1191 3
1196 1194 4
1197 39 1
1198 1197 1
1199 1198 3
1200 40 4
1201 40 2
1202 1200 4
1203 1201 4
1204 1201 2
1205 1200 2
1206 1203 1
1207 40 4
1208 1200 3
1209 1204 3
1210 1200 2
1211 40 2
1212 1205 3
1213 1204 3
1214 1203 1
1215 1208 4
1216 1210 1
1217 1209 3
1218 1217 3
1219 1201 2
1220 1205 4
1221 1213 4
1222 1214 3
1223 1206 4
1224 1208 1
1225 41 2
1226 1225 3
1227 41 1
1228 1225 1
1229 1227 4
1230 41 4
1231 1226 3
1232 1226 1
1233 41 3
1234 41 1
1235 1233 3
1236 1230 2
1237 1228 2
1238 1225 4
1239 1229 4
1240 1232 3
1241 1237 1
1242 41 4
1243 1242 3
1244 1227 1
1245 1231 4
1246 1239 1
1247 1232 2
1248 1225 1
1249 1235 1
1250 42 2
1251 1250 4
1252 42 4
1253 1250 1
1254 1251 1
1255 1250 2
1256 1251 4
1257 1255 2
1258 1255 3
1259 1253 4
1260 1252 2
1261 1257 3
1262 1250 1
1263 1252 3
1264 1259 4
1265 1253 1
1266 1259 1
1267 1263 3
1268 1255 4
1269 42 3
1270 1252 1
1271 1252 3
1272 1268 1
1273 1261 3
1274 1258 3
1275 43 2
1276 43 2
1277 43 2
1278 1275 1
1279 1275 1
1280 43 1
1281 1276 1
1282 1278 3
1283 1278 1
1284 1276 4
1285 1277 4
1286 1279 3
1287 1283 3
1288 1283 2
1289 1275 1
1290 1275 4
1291 1289 2
1292 1280 4
1293 1283 4
1294 1284 3
1295 1278 3
1296 1294 1
1297 1288 3
1298 1281 1
1299 43 4
1300 44 4
1301 1300 2
1302 44 1
1303 1300 1
1304 1301 4
1305 44 3
1306 1304 2
1307 1301 1
1308 1307 3
1309 1308 3
1310 44 1
1311 1310 1
1312 1301 2
1313 1306 1
1314 1309 3
1315 1305 4
1316 1311 2
1317 1311 3
1318 1304 4
1319 1314 3
1320 1302 2
1321 44 3
1322 1315 2
1323 1305 2
1324 1310 1
1325 45 4
1326 45 4
1327 45 2
1328 45 1
1329 45 2
1330 1325 4
1331 1330 1
1332 1325 3
1333 45 3
1334 1333 4
1335 1328 3
1336 1330 1
1337 1330 4
1338 1333 3
1339 1328 3
1340 1333 2
1341 1331 4
1342 1330 1
1343 1342 3
1344 1342 3
1345 1328 1
1346 1341 2
1347 1326 3
1348 1335 4
1349 1346 3
1350 46 3
1351 46 1
1352 46 3
1353 1351 2
1354 46 2
1355 1352 1
1356 1353 4
1357 1355 2
1358 1356 1
1359 1350 2
1360 1359 1
1361 1352 1
1362 1357 4
1363 1350 3
1364 1361 3
1365 1357 2
1366 46 2
1367 1357 3
1368 1354 4
1369 1368 4
1370 1368 2
1371 1352 2
1372 1364 3
1373 1350 1
1374 1368 2
1375 47 1
1376 47 3
1377 47 2
1378 1377 4
1379 47 1
1380 1375 4
1381 1377 2
1382 47 3
1383 1378 2
1384 1381 1
1385 1379 3
1386 1379 4
1387 1377 3
1388 1379 3
1389 1379 1
1390 1383 3
1391 1383 3
1392 1375 1
1393 1386 4
1394 1381 3
1395 1388 3
1396 1387 3
1397 1394 3
1398 1384 1
1399 1378 1
1400 48 2
1401 48 4
1402 1400 2
1403 48 3
1404 1402 1
1405 1401 4
1406 1403 2
1407 1406 2
1408 1401 2
1409 1402 3
1410 1409 3
1411 1408 1
1412 1403 1
1413 1411 3
1414 48 3
1415 1414 2
1416 1403 3
1417 1408 4
1418 1412 2
1419 1407 1
1420 1407 2
1421 1406 1
1422 1403 2
1423 1403 4
1424 1413 4
1425 49 1
1426 1425 2
1427 1426 3
1428 1427 3
1429 1428 4
1430 1427 4
1431 1427 3
1432 1426 4
1433 1430 1
1434 1426 4
1435 49 1
1436 1428 3
1437 1431 3
1438 1431 4
1439 1426 1
1440 1437 2
1441 1426 3
1442 1433 1
1443 1435 2
1444 1430 1
1445 1425 2
1446 1436 1
1447 1445 3
1448 49 4
1449 1431 3
1450 50 2
1451 1450 3
1452 1450 1
1453 50 4
1454 1450 4
1455 1452 4
1456 1452 2
1457 1453 1
1458 1452 3
1459 1450 2
1460 1456 1
1461 50 3
1462 1454 2
1463 1459 4
1464 50 1
1465 1456 4
1466 1454 4
1467 1466 3
1468 1453 4
1469 1462 2
1470 1464 4
1471 1456 3
1472 50 1
1473 1469 4
1474 1471 2
1475 51 2
1476 51 4
1477 1475 4
1478 51 2
1479 1475 4
1480 1475 2
1481 1480 4
1482 1477 3
1483 51 3
1484 1480 2
1485 1478 1
1486 1480 2
1487 1486 4
1488 1482 4
1489 1479 3
1490 1481 1
1491 1480 3
1492 1485 3
1493 1480 2
1494 1476 4
1495 1477 4
1496 1483 3
1497 1488 3
1498 1479 4
1499 1496 1
1500 52 3
1501 1500 1
1502 1500 2
1503 1500 1
1504 1500 2
1505 1502 3
1506 1500 1
1507 1505 2
1508 1502 1
1509 1502 1
1510 1507 1
1511 1502 1
1512 1500 3
1513 1512 1
1514 1500 1
1515 1512 3
1516 1503 1
1517 52 1
1518 1504 1
1519 1514 4
1520 1510 2
1521 1517 1
1522 1503 3
1523 1512 4
1524 1523 2
1525 53 4
1526 1525 2
1527 53 2
1528 1527 1
1529 1526 3
1530 1527 4
1531 1528 2
1532 1531 3
1533 1531 1
1534 1529 2
1535 1532 4
1536 1534 2
1537 1536 4
1538 1535 1
1539 1527 3
1540 53 1
1541 1535 3
1542 1526 4
1543 1535 3
1544 1528 3
1545 1542 4
1546 1537 4
1547 1528 4
1548 1540 2
1549 1525 4
1550 54 4
1551 1550 2
1552 54 2
1553 1551 2
1554 54 4
1555 1552 2
1556 1551 4
1557 1553 1
1558 1552 4
1559 1555 3
1560 1556 1
1561 1555 1
1562 1555 2
1563 1562 3
1564 1561 1
1565 54 3
1566 1554 2
1567 1553 3
1568 1566 2
1569 1551 3
1570 1557 2
1571 1566 4
1572 1564 1
1573 1556 2
1574 1557 1
1575 55 2
1576 55 3
1577 1576 4
1578 1576 3
1579 1575 3
1580 1577 2
1581 55 3
1582 1576 2
1583 1575 2
1584 1577 3
1585 1575 1
1586 55 1
1587 1575 3
1588 1583 1
1589 1576 3
1590 1581 1
1591 1577 2
1592 55 1
1593 1580 2
1594 1580 3
1595 1588 1
1596 1579 2
1597 1577 1
1598 1589 2
1599 1581 3
1600 56 4
1601 56 4
1602 56 1
1603 1602 4
1604 1600 1
1605 56 4
1606 1605 4
1607 1602 1
1608 1600 1
1609 1606 3
1610 56 3
1611 1604 4
1612 1606 1
1613 1609 4
1614 1613 3
1615 1606 4
1616 1605 4
1617 1609 1
1618 1609 1
1619 1611 3
1620 56 2
1621 1601 3
1622 1606 1
1623 1616 3
1624 1600 2
1625 57 1
1626 57 3
1627 1626 1
1628 57 1
1629 1628 3
1630 1626 1
1631 1628 3
1632 1628 1
1633 1632 3
1634 1633 3
1635 1634 3
1636 1627 4
1637 1636 2
1638 1636 4
1639 1625 2
1640 1636 4
1641 1631 4
1642 1629 3
1643 1636 3
1644 1629 3
1645 1636 1
1646 1634 2
1647 1645 1
1648 1634 3
1649 1643 3
1650 58 4
1651 58 4
1652 1650 1
1653 58 2
1654 1650 3
1655 1652 3
1656 1652 1
1657 1654 2
1658 1651 4
1659 1655 2
1660 1656 2
1661 1654 3
1662 1654 1
1663 1658 1
1664 1659 2
1665 1658 3
1666 1663 2
1667 1660 3
1668 1660 1
1669 1663 2
1670 1655 2
1671 1656 3
1672 1667 3
1673 1661 3
1674 1673 2
1675 59 4
1676 59 1
1677 59 2
1678 59 3
1679 59 4
1680 1679 1
1681 59 2
1682 1676 4
1683 1680 2
1684 1677 3
1685 1683 2
1686 1675 3
1687 1684 1
1688 1685 1
1689 1682 4
1690 1676 2
1691 1675 3
1692 1683 4
1693 1681 3
1694 1682 2
1695 1680 3
1696 1685 3
1697 1678 3
1698 1683 2
1699 1694 1
1700 60 2
1701 1700 1
1702 1701 2
1703 1700 4
1704 60 3
1705 1700 3
1706 1703 3
1707 60 3
1708 1700 2
1709 1708 3
1710 1702 2
1711 1708 2
1712 1706 1
1713 1708 3
1714 1712 1
1715 1703 2
1716 60 1
1717 60 3
1718 1701 4
1719 1715 3
1720 1710 2
1721 1720 1
1722 1701 3
1723 1710 4
1724 1707 3
1725 61 1
1726 61 4
1727 1726 2
1728 1726 1
1729 61 4
1730 1727 2
1731 1725 2
1732 1725 2
1733 1725 2
1734 1733 1
1735 1726 1
1736 1735 4
1737 1726 4
1738 1726 3
1739 1736 4
1740 1726 2
1741 1738 4
1742 1727 3
1743 1742 1
1744 1738 1
1745 1737 4
1746 1734 4
1747 1730 2
1748 1730 1
1749 1742 3
1750 62 2
1751 1750 1
1752 62 1
1753 1752 2
1754 1753 1
1755 1750 4
1756 62 3
1757 62 2
1758 62 1
1759 1755 3
1760 1751 3
1761 1760 4
1762 62 4
1763 1759 3
1764 1763 1
1765 62 3
1766 1765 2
1767 1753 4
1768 1750 1
1769 1764 4
1770 1765 4
1771 1769 3
1772 1762 2
1773 1761 2
1774 1760 3
1775 63 4
1776 63 4
1777 63 1
1778 1777 1
1779 63 3
1780 1778 4
1781 1780 3
1782 1781 3
1783 63 3
1784 1779 2
1785 1784 3
1786 1779 3
1787 1779 1
1788 1780 3
1789 1778 2
1790 1783 4
1791 1776 4
1792 1781 3
1793 1782 2
1794 1784 2
1795 1783 2
1796 1784 2
1797 1796 4
1798 1789 2
1799 1791 2
1800 64 2
1801 64 3
1802 1801 2
1803 64 2
1804 1803 1
1805 1802 4
1806 1803 4
1807 1805 1
1808 1801 1
1809 1801 1
1810 1805 2
1811 64 2
1812 1811 1
1813 1805 3
1814 64 4
1815 1808 4
1816 1810 3
1817 1801 2
1818 1815 4
1819 1806 4
1820 1801 2
1821 1810 1
1822 1810 4
1823 1808 2
1824 1803 4
1825 65 1
1826 65 2
1827 1825 1
1828 1827 2
1829 1826 3
1830 65 4
1831 1826 4
1832 1831 1
1833 1825 4
1834 1831 2
1835 1825 3
1836 1834 4
1837 1828 4
1838 1830 2
1839 1835 2
1840 1832 4
1841 1827 3
1842 1833 2
1843 1825 2
1844 1825 4
1845 1835 4
1846 1836 2
1847 1829 2
1848 1845 2
1849 1848 4
1850 66 3
1851 1850 2
1852 1851 4
1853 1852 1
1854 1852 2
1855 1852 4
1856 1851 3
1857 1850 1
1858 1852 3
1859 1856 4
1860 1856 3
1861 1853 4
1862 1857 2
1863 1855 3
1864 1863 4
1865 1853 1
1866 1855 3
1867 1853 3
1868 1855 3
1869 1856 2
1870 1855 3
1871 1870 2
1872 1860 1
1873 1850 1
1874 1861 3
1875 67 1
1876 67 3
1877 1875 4
1878 1876 2
1879 1876 2
1880 1876 4
1881 67 3
1882 1875 4
1883 1876 2
1884 1883 3
1885 1884 4
1886 1875 2
1887 1877 2
1888 1878 3
1889 1886 4
1890 1885 3
1891 1883 2
1892 1877 4
1893 1882 4
1894 1893 2
1895 1889 4
1896 1889 4
1897 1882 4
1898 1876 1
1899 1887 2
1900 68 1
1901 68 1
1902 68 1
1903 1902 3
1904 1903 2
1905 1903 1
1906 1905 4
1907 1904 3
1908 1901 1
1909 1905 3
1910 1900 2
1911 1908 1
1912 1911 1
1913 1900 4
1914 1912 4
1915 1907 1
1916 1900 2
1917 1912 4
1918 1914 3
1919 1912 4
1920 1917 3
1921 1911 2
1922 1920 2
1923 1918 2
1924 1911 4
1925 69 4
1926 1925 4
1927 1926 1
1928 69 2
1929 69 3
1930 1927 2
1931 1927 2
1932 1928 1
1933 1925 1
1934 1927 1
1935 1929 2
1936 1927 1
1937 69 2
1938 1934 1
1939 1928 4
1940 1928 4
1941 1936 4
1942 1927 2
1943 1933 2
1944 1937 1
1945 1939 4
1946 1942 4
1947 1938 3
1948 1941 1
1949 1928 1
1950 70 1
1951 70 2
1952 70 1
1953 1952 3
1954 1952 4
1955 1952 2
1956 1952 2
1957 1956 4
1958 1954 2
1959 1953 3
1960 70 4
1961 1953 4
1962 1950 2
1963 1954 4
1964 1957 3
1965 1956 4
1966 1960 4
1967 1960 2
1968 1957 2
1969 1956 4
1970 1955 4
1971 1956 1
1972 1956 1
1973 70 3
1974 1969 3
1975 71 4
1976 1975 4
1977 1976 4
1978 1975 4
1979 71 2
1980 71 2
1981 1975 3
1982 1976 1
1983 1979 1
1984 1979 4
1985 1982 3
1986 1979 2
1987 1977 2
1988 1986 2
1989 1975 1
1990 1989 1
1991 1986 4
1992 1991 1
1993 1983 2
1994 1976 2
1995 1991 1
1996 1975 4
1997 1987 1
1998 1988 3
1999 71 2
2000 72 2
2001 2000 3
2002 2000 3
2003 2002 3
2004 72 2
2005 72 4
2006 2001 2
2007 2003 2
2008 2007 4
2009 2001 4
2010 2006 2
2011 2007 4
2012 2004 1
2013 2000 2
2014 2001 1
2015 2010 1
2016 2010 2
2017 2015 2
2018 2007 1
2019 2008 4
2020 2014 3
2021 2015 1
2022 2015 4
2023 2018 1
2024 2011 1
2025 73 4
2026 73 3
2027 2026 4
2028 2027 3
2029 73 2
2030 73 4
2031 73 3
2032 2031 4
2033 2030 1
2034 2030 3
2035 2030 3
2036 2025 2
2037 2034 4
2038 2032 4
2039 2031 1
2040 2030 3
2041 2040 2
2042 2034 1
2043 2038 2
2044 2035 2
2045 2031 2
2046 2038 3
2047 2044 1
2048 2031 3
2049 2027 3
2050 74 4
2051 74 3
2052 2050 4
2053 74 2
2054 2052 2
2055 2051 3
2056 74 4
2057 2054 1
2058 2054 3
2059 2056 3
2060 2051 1
2061 2051 1
2062 2056 2
2063 74 2
2064 2056 1
2065 2062 3
2066 2059 3
2067 2055 2
2068 74 2
2069 2060 4
2070 2065 2
2071 2056 3
2072 2059 3
2073 2069 3
2074 2072 4
2075 75 4
2076 2075 1
2077 75 3
2078 75 2
2079 2075 4
2080 75 2
2081 2075 2
2082 75 3
2083 2076 1
2084 2076 1
2085 2084 2
2086 2084 4
2087 2083 4
2088 2084 3
2089 75 2
2090 2086 2
2091 2082 1
2092 2082 3
2093 2086 1
2094 2088 4
2095 2090 1
2096 2075 4
2097 75 3
2098 2078 2
2099 2092 4
2100 76 3
2101 2100 1
2102 2100 4
2103 76 1
2104 2101 4
2105 2104 3
2106 2105 2
2107 2100 2
2108 2102 2
2109 2108 3
2110 2105 4
2111 76 4
2112 2110 3
2113 2103 2
2114 2100 3
2115 2104 3
2116 2110 1
2117 2103 4
2118 2110 3
2119 2114 1
2120 2110 1
2121 76 3
2122 2118 3
2123 2114 2
2124 2120 3
2125 77 1
2126 2125 4
2127 2125 3
2128 2126 2
2129 2125 3
2130 2125 4
2131 2125 2
2132 2128 3
2133 2131 4
2134 2126 2
2135 2125 3
2136 2133 3
2137 2129 4
2138 2132 4
2139 2137 3
2140 2125 1
2141 2127 4
2142 2139 1
2143 2135 4
2144 2141 3
2145 2141 1
2146 2139 1
2147 2142 3
2148 2141 3
2149 2140 2
2150 78 4
2151 78 2
2152 2150 1
2153 2150 2
2154 78 1
2155 2153 4
2156 2151 4
2157 2152 4
2158 2156 4
2159 2150 4
2160 2150 2
2161 2150 2
2162 2159 1
2163 2150 3
2164 2155 1
2165 2163 4
2166 2160 4
2167 78 4
2168 2161 3
2169 2160 2
2170 2164 4
2171 2152 1
2172 2168 3
2173 2167 2
2174 2160 2
2175 79 1
2176 2175 1
2177 2176 4
2178 79 4
2179 2178 3
2180 2176 4
2181 2175 1
2182 79 2
2183 2176 3
2184 2179 2
2185 2184 4
2186 79 4
2187 2179 1
2188 2179 4
2189 79 2
2190 2183 4
2191 2187 3
2192 2178 3
2193 2187 1
2194 2183 2
2195 2189 1
2196 2192 1
2197 2183 1
2198 2190 4
2199 2180 3
2200 80 2
2201 80 4
2202 2200 3
2203 2201 3
2204 2200 1
2205 80 4
2206 2203 2
2207 2200 2
2208 2203 3
2209 2201 4
2210 2207 1
2211 2201 4
2212 2203 4
2213 2202 4
2214 2206 1
2215 2213 1
2216 2214 2
2217 2200 4
2218 2201 4
2219 2208 1
2220 2214 3
2221 2202 4
2222 2201 3
2223 2208 2
2224 2206 3
2225 81 3
2226 81 1
2227 2226 2
2228 2226 1
2229 2226 2
2230 2227 1
2231 2229 2
2232 2229 4
2233 2225 4
2234 2229 1
2235 2233 4
2236 2233 4
2237 81 2
2238 2233 4
2239 2231 2
2240 2237 4
2241 2235 1
2242 2240 4
2243 2241 2
2244 2235 1
2245 2242 4
2246 2226 1
2247 2232 1
2248 2226 1
2249 2241 3
2250 82 1
2251 2250 2
2252 2251 4
2253 2251 3
2254 82 3
2255 2254 1
2256 2253 1
2257 2255 2
2258 2257 1
2259 2253 4
2260 2252 2
2261 82 1
2262 2259 4
2263 2250 2
2264 2255 1
2265 2255 2
2266 2255 3
2267 2265 1
2268 82 1
2269 2254 4
2270 2253 3
2271 2270 4
2272 2266 4
2273 2253 2
2274 2271 3
2275 83 2
2276 2275 3
2277 2275 2
2278 2275 3
2279 2277 1
2280 2275 1
2281 2279 4
2282 2280 2
2283 2279 1
2284 2283 2
2285 2275 2
2286 2283 2
2287 2275 2
2288 83 3
2289 2277 2
2290 2279 1
2291 2280 1
2292 2288 4
2293 2285 3
2294 2293 3
2295 2289 3
2296 2295 3
2297 2282 3
2298 2296 4
2299 2283 1
2300 84 3
2301 2300 1
2302 2301 1
2303 2302 4
2304 84 2
2305 2304 1
2306 2305 2
2307 2302 4
2308 2303 4
2309 2306 1
2310 2306 1
2311 2300 2
2312 2308 3
2313 2305 2
2314 2305 4
2315 2314 1
2316 2309 4
2317 2316 3
2318 2306 4
2319 2305 1
2320 2307 4
2321 2313 1
2322 2304 2
2323 2310 3
2324 2309 2
2325 85 2
2326 2325 4
2327 2326 1
2328 2326 2
2329 2326 4
2330 2327 2
2331 2330 2
2332 2327 3
2333 2329 3
2334 2330 3
2335 2326 2
2336 2334 4
2337 2332 3
2338 2326 2
2339 2326 4
2340 2330 3
2341 2328 2
2342 2327 4
2343 2331 1
2344 2341 2
2345 2331 3
2346 2341 4
2347 2326 1
2348 2342 4
2349 2327 2
2350 86 4
2351 2350 4
2352 86 1
2353 2350 2
2354 2352 2
2355 86 1
2356 86 3
2357 2352 4
2358 2355 4
2359 2357 1
2360 86 4
2361 2352 1
2362 2357 4
2363 2358 1
2364 2359 4
2365 2354 2
2366 2364 1
2367 2363 1
2368 2353 4
2369 2357 4
2370 2359 3
2371 2353 3
2372 2367 4
2373 2355 3
2374 2354 1
2375 87 3
2376 2375 1
2377 87 4
2378 2376 2
2379 2376 1
2380 2379 4
2381 87 4
2382 87 2
2383 2380 4
2384 2381 4
2385 2379 4
2386 2376 3
2387 2385 1
2388 2375 3
2389 87 1
2390 87 4
2391 2382 2
2392 2383 4
2393 2392 4
2394 2384 4
2395 2390 2
2396 2383 4
2397 2377 1
2398 2380 1
2399 2385 2
2400 88 1
2401 88 1
2402 88 1
2403 2400 4
2404 2400 3
2405 2400 4
2406 2404 2
2407 2403 3
2408 2403 3
2409 2406 4
2410 2408 1
2411 2405 4
2412 2410 3
2413 2400 2
2414 2413 1
2415 2411 3
2416 2413 2
2417 2410 1
2418 2406 3
2419 2408 1
2420 2400 3
2421 2406 4
2422 2416 2
2423 2401 4
2424 2423 2
2425 89 4
2426 89 3
2427 89 3
2428 89 4
2429 89 3
2430 89 1
2431 2428 1
2432 2425 2
2433 2432 2
2434 2426 3
2435 2430 4
2436 2425 2
2437 2432 1
2438 2437 2
2439 2436 2
2440 2429 1
2441 2432 2
2442 2431 2
2443 89 4
2444 2439 4
2445 2425 2
2446 2436 1
2447 2436 3
2448 2426 2
2449 2436 4
2450 90 3
2451 2450 2
2452 2450 3
2453 2450 2
2454 2450 1
2455 2454 4
2456 2453 2
2457 2452 4
2458 2452 3
2459 2451 1
2460 2455 3
2461 2455 1
2462 2453 2
2463 2455 1
2464 2455 2
2465 90 2
2466 2462 1
2467 2463 1
2468 2452 2
2469 90 2
2470 2460 4
2471 2464 1
2472 2458 1
2473 2450 4
2474 2459 4
2475 91 3
2476 91 1
2477 2476 1
2478 2477 1
2479 2475 3
2480 2478 1
2481 2476 4
2482 2475 3
2483 2476 1
2484 2475 3
2485 2484 3
2486 2475 3
2487 91 1
2488 2487 1
2489 2487 1
2490 91 2
2491 2484 3
2492 2477 3
2493 2481 4
2494 2476 1
2495 2493 4
2496 2487 1
2497 2485 2
2498 91 2
2499 2478 3
2500 92 3
2501 92 2
2502 92 1
2503 2502 3
2504 2500 1
2505 2503 3
2506 2504 2
2507 2505 2
2508 2500 4
2509 2507 2
2510 2507 4
2511 92 2
2512 2507 1
2513 2500 1
2514 92 4
2515 2511 4
2516 2504 2
2517 2512 4
2518 2507 2
2519 2504 2
2520 2519 2
2521 2509 3
2522 2500 2
2523 2502 1
2524 2500 4
2525 93 4
2526 93 1
2527 2525 4
2528 2527 3
2529 93 2
2530 2526 2
2531 2530 4
2532 2525 1
2533 2529 2
2534 2526 1
2535 2529 1
2536 93 4
2537 2536 2
2538 2533 3
2539 2531 2
2540 2537 1
2541 2534 2
2542 2534 3
2543 2530 1
2544 2529 2
2545 93 2
2546 2544 2
2547 2534 4
2548 2533 2
2549 2540 2
2550 94 4
2551 94 4
2552 94 1
2553 2550 2
2554 94 4
2555 2551 2
2556 2550 1
2557 2551 4
2558 2553 4
2559 2554 3
2560 2559 2
2561 2553 3
2562 2553 2
2563 2562 4
2564 2552 4
2565 94 3
2566 2562 4
2567 2552 4
2568 2559 4
2569 2551 3
2570 2553 3
2571 2560 3
2572 2568 2
2573 2560 1
2574 2550 4
2575 95 3
2576 2575 1
2577 95 1
2578 2577 2
2579 2576 2
2580 2575 4
2581 2577 2
2582 2580 3
2583 2577 3
2584 2580 2
2585 2578 1
2586 2576 1
2587 2582 3
2588 2582 4
2589 2584 3
2590 95 4
2591 2581 1
2592 2590 2
2593 2582 3
2594 2588 1
2595 2578 1
2596 2586 2
2597 2592 2
2598 2579 4
2599 2575 4
2600 96 1
2601 2600 3
2602 96 1
2603 2600 2
2604 2603 2
2605 2600 3
2606 2602 3
2607 2603 1
2608 96 2
2609 2602 1
2610 2607 4
2611 2606 1
2612 2607 1
2613 2608 1
2614 2608 1
2615 2614 3
2616 2605 2
2617 96 3
2618 2617 1
2619 2608 3
2620 2609 4
2621 2619 1
2622 2615 3
2623 2600 2
2624 2613 4
2625 97 2
2626 97 4
2627 97 4
2628 2626 1
2629 2628 1
2630 2628 3
2631 2627 2
2632 2628 2
2633 2626 3
2634 2629 4
2635 2628 4
2636 2628 3
2637 2631 1
2638 2632 2
2639 2632 1
2640 2638 1
2641 2638 3
2642 2626 4
2643 2627 2
2644 2626 3
2645 2625 2
2646 2644 3
2647 97 3
2648 2646 3
2649 2628 2
2650 98 1
2651 98 1
2652 2651 2
2653 2651 2
2654 98 2
2655 2651 2
2656 2650 2
2657 2650 2
2658 2655 4
2659 2656 1
2660 2654 2
2661 2654 4
2662 2659 1
2663 2653 2
2664 2661 1
2665 2653 2
2666 2664 1
2667 2657 3
2668 2656 3
2669 2653 1
2670 2667 4
2671 2658 2
2672 2668 4
2673 2657 3
2674 2663 4
2675 99 2
2676 99 3
2677 2676 4
2678 99 2
2679 2676 2
2680 2677 3
2681 2676 4
2682 2680 2
2683 99 2
2684 2681 3
2685 2681 4
2686 99 4
2687 2676 1
2688 2676 4
2689 2682 3
2690 2681 2
2691 2682 4
2692 2686 3
2693 2681 1
2694 2693 2
2695 2692 4
2696 2693 1
2697 2694 2
2698 99 3
2699 2686 4
2700 100 3
2701 2700 4
2702 2701 1
2703 100 2
2704 2700 3
2705 2703 1
2706 2701 3
2707 100 4
2708 2705 4
2709 2702 1
2710 2703 3
2711 2708 3
2712 2702 4
2713 2707 3
2714 2710 2
2715 100 2
2716 2706 2
2717 2716 2
2718 2708 4
2719 2706 2
2720 2710 2
2721 2716 4
2722 2709 2
2723 2702 2
2724 2707 4
2725 101 4
2726 2725 4
2727 2726 1
2728 2725 3
2729 101 1
2730 2728 2
2731 101 3
2732 101 4
2733 2725 2
2734 2728 2
2735 2729 2
2736 2732 4
2737 2734 2
2738 101 3
2739 2730 4
2740 2738 3
2741 2738 2
2742 2727 4
2743 2741 2
2744 2730 3
2745 2733 4
2746 2728 4
2747 2731 2
2748 2738 4
2749 2741 3
2750 102 1
2751 102 1
2752 102 1
2753 2751 1
2754 102 3
2755 102 3
2756 2755 4
2757 102 1
2758 2755 4
2759 2750 1
2760 2752 4
2761 2752 2
2762 2750 4
2763 2754 1
2764 102 2
2765 2755 2
2766 2764 3
2767 2756 4
2768 2752 1
2769 2756 3
2770 2764 1
2771 2761 2
2772 2758 4
2773 102 4
2774 2751 2
2775 103 3
2776 103 3
2777 2776 1
2778 103 1
2779 103 3
2780 2779 1
2781 2778 2
2782 2776 3
2783 2777 1
2784 2775 4
2785 2782 3
2786 2783 3
2787 2778 4
2788 2776 4
2789 2781 4
2790 2787 2
2791 2784 4
2792 2781 4
2793 2780 2
2794 2782 3
2795 2783 2
2796 2777 2
2797 2792 3
2798 2777 2
2799 2777 1
2800 104 1
2801 104 3
2802 2801 2
2803 2802 2
2804 104 2
2805 2800 2
2806 2802 4
2807 2802 1
2808 2803 3
2809 2802 3
2810 2805 2
2811 2802 4
2812 2811 3
2813 2811 2
2814 2806 3
2815 2811 4
2816 2815 3
2817 2801 2
2818 2813 1
2819 2807 3
2820 2805 1
2821 2810 1
2822 2814 4
2823 2821 4
2824 2806 2
2825 105 2
2826 105 1
2827 2826 4
2828 105 3
2829 2825 2
2830 105 4
2831 2830 1
2832 2831 4
2833 2832 1
2834 2832 2
2835 105 4
2836 2833 4
2837 2825 4
2838 2826 3
2839 2828 1
2840 105 2
2841 2835 4
2842 2828 3
2843 2842 3
2844 2841 3
2845 2835 3
2846 2845 2
2847 2828 3
2848 2831 2
2849 2837 3
2850 106 2
2851 2850 4
2852 2850 1
2853 2850 3
2854 2852 1
2855 2852 1
2856 2850 2
2857 2853 1
2858 2857 1
2859 2858 2
2860 2858 2
2861 2860 1
2862 2857 4
2863 2862 2
2864 2853 3
2865 2857 2
2866 106 2
2867 2866 1
2868 2863 1
2869 2860 2
2870 2856 2
2871 2861 4
2872 2856 2
2873 2856 2
2874 2861 2
2875 107 3
2876 107 1
2877 2876 2
2878 107 1
2879 2875 3
2880 2878 2
2881 107 3
2882 2881 4
2883 2880 3
2884 2875 1
2885 2875 1
2886 2876 4
2887 2882 1
2888 2883 2
2889 2881 4
2890 2886 1
2891 2885 4
2892 2890 3
2893 2885 3
2894 2886 1
2895 2886 2
2896 2888 4
2897 2894 2
2898 2895 2
2899 2893 2
2900 108 3
2901 2900 3
2902 108 1
2903 2901 2
2904 2903 4
2905 2903 1
2906 2905 3
2907 2900 3
2908 2903 1
2909 2904 1
2910 2901 3
2911 2902 4
2912 2905 3
2913 2910 1
2914 2903 1
2915 2906 2
2916 2915 4
2917 2910 2
2918 2908 2
2919 2901 2
2920 2912 4
2921 2910 1
2922 2919 2
2923 2902 3
2924 108 1
2925 109 4
2926 2925 4
2927 109 1
2928 2925 2
2929 2926 1
2930 2928 3
2931 2928 1
2932 2927 4
2933 2928 4
2934 2927 4
2935 2934 4
2936 2934 3
2937 2926 4
2938 2936 1
2939 2936 1
2940 2931 3
2941 2934 4
2942 2926 1
2943 2927 1
2944 2938 1
2945 2925 3
2946 2932 3
2947 2928 2
2948 2927 3
2949 2933 3
2950 110 2
2951 2950 1
2952 2951 2
2953 2951 2
2954 2951 1
2955 2953 1
2956 2950 2
2957 2951 1
2958 2953 1
2959 2955 2
2960 2957 2
2961 2959 3
2962 2955 3
2963 110 1
2964 2957 2
2965 2954 2
2966 2950 1
2967 2958 2
2968 2955 3
2969 2959 1
2970 2953 2
2971 2953 4
2972 2962 3
2973 2955 1
2974 2959 1
2975 111 3
2976 2975 4
2977 111 1
2978 2975 3
2979 2976 4
2980 2979 1
2981 2980 1
2982 2978 4
2983 2980 3
2984 2980 1
2985 2977 1
2986 2980 4
2987 2983 1
2988 2985 4
2989 2981 2
2990 2987 4
2991 2986 4
2992 2991 1
2993 2975 4
2994 2976 4
2995 2986 3
2996 2980 2
2997 2982 1
2998 2986 3
2999 2998 1
3000 112 1
3001 3000 1
3002 112 3
3003 112 4
3004 3003 3
3005 3001 2
3006 3004 1
3007 3001 1
3008 3002 3
3009 3003 1
3010 3000 3
3011 3009 2
3012 3000 4
3013 3004 4
3014 3006 4
3015 3004 4
3016 3010 3
3017 3003 1
3018 3014 1
3019 3002 1
3020 3000 3
3021 3017 2
3022 3008 3
3023 3006 3
3024 112 3
3025 113 1
3026 3025 3
3027 3025 3
3028 3026 2
3029 3027 4
3030 3025 1
3031 3026 1
3032 3027 3
3033 3026 2
3034 3030 2
3035 3026 3
3036 3034 3
3037 3028 3
3038 3036 2
3039 3025 1
3040 3027 3
3041 3027 2
3042 3037 2
3043 3029 1
3044 3042 3
3045 3036 2
3046 3030 3
3047 3044 4
3048 3026 3
3049 3030 1
3050 114 2
3051 3050 4
3052 3051 3
3053 3052 1
3054 114 4
3055 3054 4
3056 3052 3
3057 114 1
3058 3051 2
3059 3051 1
3060 3052 4
3061 114 3
3062 3059 3
3063 3056 2
3064 3058 4
3065 3060 4
3066 3053 3
3067 3059 4
3068 3061 3
3069 3066 2
3070 3061 1
3071 3054 1
3072 3056 2
3073 3065 3
3074 3058 2
3075 115 4
3076 3075 1
3077 3075 2
3078 3077 1
3079 115 3
3080 3075 2
3081 3078 1
3082 3081 4
3083 3076 3
3084 3077 2
3085 3078 3
3086 3080 1
3087 115 3
3088 3076 4
3089 3076 2
3090 3079 1
3091 3087 4
3092 3085 3
3093 3083 3
3094 3090 1
3095 115 2
3096 115 3
3097 3086 1
3098 3084 2
3099 3076 1
3100 116 2
3101 116 2
3102 3101 2
3103 116 3
3104 3101 3
3105 3100 1
3106 3104 2
3107 3101 2
3108 116 2
3109 3105 1
3110 3109 2
3111 3103 1
3112 116 3
3113 3109 3
3114 3100 1
3115 3108 2
3116 3105 2
3117 116 2
3118 3117 2
3119 3101 1
3120 3119 3
3121 3112 3
3122 3100 2
3123 3120 1
3124 3111 1
3125 117 2
3126 117 2
3127 117 3
3128 3125 1
3129 117 3
3130 3125 4
3131 3125 4
3132 3125 3
3133 3132 4
3134 3127 1
3135 117 2
3136 3132 3
3137 3125 4
3138 3129 3
3139 117 1
3140 3130 4
3141 3137 4
3142 3129 1
3143 3132 1
3144 3133 2
3145 3139 4
3146 3143 4
3147 3125 4
3148 3133 2
3149 3136 4
3150 118 1
3151 3150 2
3152 3150 1
3153 3151 4
3154 3150 2
3155 3154 2
3156 3152 1
3157 3155 4
3158 3151 4
3159 3152 4
3160 3156 2
3161 3160 2
3162 3159 3
3163 118 1
3164 3156 3
3165 3155 2
3166 3162 4
3167 3154 3
3168 3161 2
3169 3156 4
3170 3156 4
3171 3167 1
3172 3171 4
3173 3170 1
3174 3167 4
3175 119 4
3176 119 2
3177 3176 2
3178 3176 3
3179 119 3
3180 119 3
3181 3179 1
3182 119 1
3183 3177 1
3184 3176 2
3185 3180 1
3186 3184 3
3187 3177 4
3188 3178 4
3189 3184 3
3190 3188 3
3191 3179 2
3192 3189 1
3193 3191 2
3194 3186 2
3195 3183 4
3196 3181 2
3197 3183 4
3198 3180 4
3199 3182 1
3200 120 1
3201 3200 2
3202 120 1
3203 120 2
3204 3201 4
3205 3204 3
3206 3203 4
3207 3205 1
3208 3202 2
3209 3202 2
3210 3201 3
3211 120 2
3212 3200 1
3213 3212 2
3214 3200 2
3215 3203 4
3216 3214 4
3217 3201 1
3218 3211 2
3219 3206 1
3220 120 1
3221 3208 3
3222 3218 1
3223 3222 4
3224 3205 4
3225 121 1
3226 3225 2
3227 3225 2
3228 3226 4
3229 121 3
3230 3226 4
3231 3226 2
3232 3227 2
3233 3226 4
3234 3230 2
3235 3226 4
3236 3234 3
3237 3228 1
3238 3233 2
3239 121 3
3240 3233 4
3241 3230 4
3242 3236 2
3243 3238 1
3244 3242 4
3245 3244 4
3246 3241 2
3247 3246 2
3248 3247 2
3249 3243 3
3250 122 1
3251 122 3
3252 122 2
3253 3251 3
3254 3252 1
3255 3253 3
3256 3251 3
3257 3251 3
3258 3250 2
3259 3251 4
3260 3255 3
3261 3257 4
3262 3251 2
3263 3260 4
3264 3250 4
3265 3257 2
3266 3252 1
3267 3261 2
3268 122 4
3269 3252 1
3270 3253 4
3271 3253 4
3272 3259 3
3273 3266 1
3274 3267 1
3275 123 1
3276 123 2
3277 3276 3
3278 123 1
3279 3278 4
3280 3275 4
3281 3277 1
3282 3276 1
3283 3275 3
3284 3275 2
3285 3275 3
3286 3278 2
3287 3281 3
3288 3280 1
3289 3281 1
3290 3287 2
3291 3290 2
3292 3280 3
3293 3278 4
3294 3280 2
3295 3293 3
3296 3289 3
3297 3291 2
3298 3279 4
3299 3295 2
3300 124 2
3301 3300 4
3302 3301 2
3303 3301 3
3304 124 2
3305 124 4
3306 3303 2
3307 3305 3
3308 124 1
3309 3303 3
3310 3308 4
3311 3310 2
3312 3305 2
3313 3309 2
3314 3311 2
3315 3310 3
3316 3308 3
3317 3308 2
3318 3305 1
3319 3310 1
3320 3300 1
3321 3300 3
3322 3304 1
3323 3307 4
3324 3322 4
3325 125 2
3326 125 1
3327 3326 1
3328 125 2
3329 3328 1
3330 3327 1
3331 3325 3
3332 3330 3
3333 3327 3
3334 3325 4
3335 125 2
3336 3330 1
3337 3336 4
3338 3326 3
3339 3328 4
3340 3339 3
3341 3327 4
3342 3339 3
3343 3341 3
3344 3332 1
3345 3329 2
3346 3339 2
3347 3331 2
3348 3343 3
3349 125 1
3350 126 2
3351 126 3
3352 126 3
3353 3352 4
3354 3350 4
3355 3353 3
3356 126 3
3357 3354 2
3358 3352 3
3359 126 3
3360 3354 3
3361 3356 4
3362 3352 1
3363 3351 1
3364 3356 4
3365 3360 2
3366 3363 2
3367 3360 4
3368 3361 2
3369 3353 1
3370 126 2
3371 3363 1
3372 3357 3
3373 3360 4
3374 3371 1
3375 127 4
3376 127 2
3377 3376 1
3378 127 3
3379 3376 2
3380 3377 1
3381 127 3
3382 3375 1
3383 3375 3
3384 3379 3
3385 3378 3
3386 3383 1
3387 3378 4
3388 3383 3
3389 3379 2
3390 3383 4
3391 3376 3
3392 3377 2
3393 3381 1
3394 3391 1
3395 3389 1
3396 3386 1
3397 3396 3
3398 3385 4
3399 3392 4
3400 128 4
3401 3400 3
3402 3400 4
3403 128 2
3404 128 1
3405 3404 2
3406 3401 4
3407 3406 1
3408 128 4
3409 3402 3
3410 3406 2
3411 3401 2
3412 3411 4
3413 3403 4
3414 3411 4
3415 128 1
3416 3400 1
3417 3411 1
3418 3409 4
3419 3404 3
3420 3408 4
3421 3400 2
3422 3419 1
3423 3416 2
3424 3418 4
3425 129 3
3426 129 1
3427 3426 4
3428 3426 3
3429 3428 2
3430 3428 3
3431 3428 4
3432 3428 2
3433 3432 1
3434 3425 4
3435 3428 2
3436 3429 1
3437 3430 4
3438 129 2
3439 3430 3
3440 3432 4
3441 3434 3
3442 3428 3
3443 3427 4
3444 3426 1
3445 3435 3
3446 3441 2
3447 3440 4
3448 3426 4
3449 3430 3
3450 130 1
3451 3450 4
3452 3450 2
3453 130 3
3454 3453 1
3455 3450 4
3456 3450 3
3457 3451 3
3458 3452 2
3459 3458 1
3460 3458 2
3461 3450 2
3462 3461 4
3463 3457 1
3464 3461 4
3465 3450 3
3466 3453 4
3467 3456 1
3468 3459 3
3469 3455 1
3470 3461 4
3471 3461 3
3472 3453 2
3473 3452 4
3474 3453 1
3475 131 2
3476 131 4
3477 3475 3
3478 3475 2
3479 131 3
3480 3479 2
3481 3477 3
3482 131 2
3483 131 2
3484 3475 1
3485 3478 2
3486 3483 1
3487 3485 1
3488 3485 1
3489 3481 1
3490 3482 1
3491 3478 1
3492 3475 3
3493 3491 2
3494 3480 1
3495 3483 3
3496 3488 2
3497 3492 3
3498 3492 4
3499 3481 3
3500 132 4
3501 3500 4
3502 132 4
3503 3502 1
3504 3502 1
3505 3504 3
3506 3500 1
3507 3503 1
3508 3507 3
3509 3508 1
3510 3500 3
3511 3505 1
3512 132 4
3513 3512 1
3514 3505 3
3515 3509 4
3516 3505 1
3517 3516 3
3518 3503 4
3519 3512 3
3520 3509 4
3521 3502 4
3522 3507 4
3523 3502 4
3524 3500 2
3525 133 4
3526 133 1
3527 133 3
3528 133 3
3529 3527 4
3530 3526 1
3531 3528 3
3532 3527 4
3533 3531 1
3534 3526 4
3535 3532 1
3536 3534 1
3537 3536 1
3538 3531 4
3539 3537 3
3540 133 1
3541 3539 1
3542 3533 3
3543 3538 4
3544 3543 1
3545 3542 4
3546 133 4
3547 3545 1
3548 3526 1
3549 3532 2
3550 134 1
3551 3550 4
3552 134 3
3553 134 1
3554 3553 1
3555 3554 3
3556 3552 1
3557 3553 3
3558 3554 4
3559 3558 3
3560 3557 3
3561 3550 3
3562 3552 2
3563 3550 1
3564 3553 2
3565 3557 1
3566 3552 4
3567 3552 2
3568 3566 1
3569 3565 1
3570 3550 1
3571 134 1
3572 3560 3
3573 3562 4
3574 3559 3
3575 135 1
3576 3575 4
3577 3575 4
3578 135 2
3579 3575 1
3580 3575 3
3581 3579 2
3582 3577 2
3583 3579 1
3584 3579 1
3585 3583 2
3586 3584 2
3587 3576 1
3588 3579 4
3589 3584 3
3590 3576 3
3591 3576 4
3592 3591 4
3593 3575 1
3594 3577 2
3595 3588 1
3596 3588 2
3597 135 1
3598 3590 3
3599 3591 1
3600 136 2
3601 3600 1
3602 3601 1
3603 3601 2
3604 3600 4
3605 3603 2
3606 3600 3
3607 136 2
3608 3600 4
3609 3602 3
3610 3600 2
3611 3601 2
3612 3609 2
3613 3604 1
3614 3601 2
3615 3607 3
3616 3614 3
3617 3613 3
3618 3610 4
3619 3615 2
3620 3612 1
3621 136 3
3622 3600 4
3623 3605 4
3624 3601 4
3625 137 4
3626 137 4
3627 3625 4
3628 137 4
3629 137 1
3630 3628 1
3631 3626 4
3632 3628 1
3633 3631 1
3634 137 1
3635 3634 2
3636 3635 2
3637 3636 4
3638 3629 3
3639 3636 2
3640 3634 1
3641 3627 1
3642 3634 1
3643 137 3
3644 3625 3
3645 3637 2
3646 3636 4
3647 3629 4
3648 3642 3
3649 3632 1
3650 138 4
3651 3650 1
3652 138 2
3653 3650 3
3654 3650 4
3655 3653 3
3656 3655 3
3657 3656 1
3658 3654 3
3659 3653 2
3660 138 2
3661 3650 4
3662 3652 4
3663 138 4
3664 3651 3
3665 3662 3
3666 3662 1
3667 3657 1
3668 3652 4
3669 3654 4
3670 3669 4
3671 3657 1
3672 138 2
3673 3655 3
3674 3666 3
3675 139 4
3676 139 4
3677 3675 2
3678 3677 1
3679 3676 3
3680 3678 4
3681 3676 3
3682 3679 1
3683 3676 1
3684 3678 2
3685 3675 3
3686 3676 2
3687 3685 4
3688 3682 2
3689 3687 2
3690 3675 3
3691 3676 1
3692 3688 2
3693 3684 1
3694 3681 1
3695 3680 3
3696 3681 2
3697 3695 2
3698 3692 3
3699 3685 3
3700 140 3
3701 140 2
3702 3701 1
3703 140 2
3704 3700 1
3705 3704 2
3706 3705 2
3707 3706 4
3708 3704 2
3709 3700 1
3710 3705 3
3711 140 4
3712 140 2
3713 3700 1
3714 3703 4
3715 3711 4
3716 3711 1
3717 140 1
3718 3714 2
3719 3702 3
3720 3718 1
3721 3707 2
3722 3717 2
3723 3701 3
3724 3719 2
3725 141 1
3726 3725 2
3727 3726 1
3728 3726 4
3729 141 3
3730 3727 1
3731 141 4
3732 3725 3
3733 3731 4
3734 3731 1
3735 3731 3
3736 3726 1
3737 141 2
3738 3729 1
3739 3732 4
3740 3739 2
3741 3734 3
3742 3737 4
3743 3737 2
3744 3743 3
3745 3742 4
3746 3729 4
3747 3739 2
3748 3745 1
3749 3736 2
3750 142 3
3751 3750 1
3752 3750 1
3753 3751 2
3754 3750 3
3755 3752 4
3756 3754 2
3757 3752 4
3758 3751 1
3759 3757 2
3760 3750 4
3761 3757 3
3762 3758 2
3763 3756 2
3764 3753 1
3765 3761 1
3766 3754 3
3767 3751 2
3768 3757 2
3769 3758 2
3770 3761 4
3771 3761 3
3772 3771 1
3773 3756 4
3774 3753 3
3775 143 1
3776 3775 3
3777 3775 2
3778 143 4
3779 3776 2
3780 143 1
3781 143 3
3782 3779 3
3783 3776 4
3784 3782 2
3785 3781 1
3786 143 1
3787 3783 1
3788 3783 4
3789 3780 1
3790 3780 2
3791 3790 3
3792 3777 3
3793 3791 3
3794 3787 3
3795 3789 2
3796 3790 3
3797 3780 1
3798 3791 3
3799 3777 3
3800 144 4
3801 3800 1
3802 3800 2
3803 3801 2
3804 3800 1
3805 3802 2
3806 3803 4
3807 3800 4
3808 3802 2
3809 144 4
3810 144 4
3811 3810 3
3812 3806 3
3813 3804 1
3814 3808 4
3815 3801 4
3816 3800 4
3817 3800 2
3818 3815 4
3819 3809 3
3820 3801 1
3821 144 3
3822 3820 1
3823 3807 1
3824 3802 2
3825 145 1
3826 145 2
3827 3825 4
3828 145 2
3829 3826 1
3830 3826 1
3831 3825 2
3832 3830 3
3833 3832 2
3834 3829 1
3835 3825 3
3836 3828 2
3837 3827 2
3838 3833 1
3839 3835 2
3840 3839 1
3841 145 2
3842 3838 4
3843 3837 4
3844 3835 2
3845 3830 4
3846 3841 4
3847 3840 3
3848 3826 4
3849 3835 4
3850 146 1
3851 146 2
3852 3850 1
3853 3851 1
3854 3853 2
3855 146 2
3856 3855 1
3857 146 1
3858 3854 3
3859 3853 3
3860 3856 1
3861 3857 2
3862 3850 2
3863 3855 3
3864 3856 1
3865 146 2
3866 3856 1
3867 3865 2
3868 3855 3
3869 3858 1
3870 3860 2
3871 3850 3
3872 3870 2
3873 146 1
3874 3853 3
3875 147 4
3876 3875 4
3877 3875 4
3878 3876 2
3879 3875 4
3880 3877 3
3881 3880 2
3882 3878 4
3883 3882 4
3884 3879 3
3885 3884 1
3886 3881 3
3887 3877 2
3888 3882 2
3889 3881 3
3890 3880 4
3891 3884 2
3892 147 3
3893 3884 1
3894 3892 3
3895 3893 3
3896 147 4
3897 3880 3
3898 3891 4
3899 3878 1
3900 148 1
3901 3900 4
3902 3900 4
3903 3900 2
3904 148 2
3905 3903 2
3906 148 3
3907 3906 2
3908 148 3
3909 148 1
3910 3907 4
3911 3906 1
3912 3906 3
3913 3906 4
3914 3901 4
3915 148 4
3916 3902 3
3917 3914 3
3918 3908 3
3919 3911 1
3920 3909 4
3921 3905 2
3922 3912 1
3923 3910 3
3924 3920 1
3925 149 2
3926 3925 3
3927 149 4
3928 3927 3
3929 3927 1
3930 3927 1
3931 3926 2
3932 3926 2
3933 3930 3
3934 3925 4
3935 3933 4
3936 3925 4
3937 3930 2
3938 3937 3
3939 3934 4
3940 3928 3
3941 3933 4
3942 3926 3
3943 3932 1
3944 3937 3
3945 3927 2
3946 3939 1
3947 3935 1
3948 3937 1
3949 3926 3
3950 150 3
3951 150 2
3952 3950 2
3953 3952 2
3954 3950 2
3955 3953 4
3956 3952 1
3957 3954 2
3958 3957 1
3959 3958 2
3960 3957 4
3961 3960 1
3962 3952 1
3963 150 2
3964 3963 3
3965 3956 4
3966 3950 2
3967 3960 4
3968 3963 1
3969 3956 4
3970 3951 4
3971 150 2
3972 3950 3
3973 3964 4
3974 3955 1
3975 151 1
3976 3975 4
3977 3975 4
3978 151 2
3979 3978 2
3980 3975 1
3981 3977 4
3982 3975 4
3983 3975 4
3984 3978 3
3985 3979 4
3986 3976 1
3987 3975 4
3988 3985 3
3989 3988 2
3990 3979 2
3991 3978 2
3992 3991 3
3993 3988 1
3994 3979 4
3995 3993 2
3996 3991 3
3997 3990 3
3998 3986 1
3999 3984 4
4000 152 1
4001 4000 4
4002 4000 3
4003 4001 3
4004 4001 2
4005 4003 1
4006 4003 2
4007 4006 1
4008 4004 3
4009 4002 4
4010 4009 1
4011 4008 4
4012 4009 3
4013 4004 2
4014 4000 4
4015 4005 1
4016 4009 1
4017 4005 2
4018 4011 4
4019 4005 1
4020 4006 1
4021 4013 1
4022 4016 2
4023 4018 1
4024 4019 3
4025 153 4
4026 4025 1
4027 153 2
4028 4026 1
4029 4027 1
4030 4026 2
4031 4025 1
4032 4025 2
4033 153 1
4034 4027 3
4035 4025 1
4036 4029 3
4037 4026 2
4038 4028 2
4039 4030 1
4040 153 4
4041 4031 2
4042 4033 2
4043 4034 3
4044 4039 1
4045 4032 1
4046 4034 2
4047 4043 4
4048 4043 3
4049 4029 2
4050 154 3
4051 4050 2
4052 4050 1
4053 4050 3
4054 154 1
4055 4053 3
4056 4051 1
4057 4051 1
4058 154 4
4059 4056 2
4060 4055 4
4061 4052 1
4062 4060 1
4063 4060 4
4064 154 1
4065 154 1
4066 4052 2
4067 4050 3
4068 4065 3
4069 4066 3
4070 4068 2
4071 4059 1
4072 4052 2
4073 4062 4
4074 4072 3
4075 155 1
4076 155 1
4077 4076 2
4078 4076 4
4079 155 4
4080 4079 1
4081 4077 4
4082 4077 3
4083 4076 1
4084 4078 1
4085 4080 2
4086 4085 1
4087 4081 3
4088 4078 4
4089 4086 2
4090 4085 3
4091 4081 4
4092 4083 2
4093 4077 3
4094 4083 2
4095 4086 2
4096 155 3
4097 4078 1
4098 4086 1
4099 4080 3
4100 156 3
4101 156 4
4102 4100 1
4103 4101 3
4104 4102 1
4105 4101 3
4106 156 2
4107 4104 1
4108 4102 1
4109 4100 4
4110 4109 2
4111 4101 1
4112 4101 3
4113 4104 1
4114 4104 4
4115 4109 3
4116 4106 4
4117 4110 3
4118 4102 4
4119 4109 1
4120 4102 4
4121 4109 1
4122 4102 1
4123 4106 4
4124 4108 2
4125 157 1
4126 157 2
4127 4126 2
4128 4127 1
4129 4128 3
4130 4126 3
4131 4129 1
4132 157 3
4133 4128 3
4134 4132 4
4135 4127 1
4136 4131 2
4137 4127 4
4138 4127 3
4139 4132 1
4140 4138 3
4141 4125 2
4142 4134 1
4143 4132 4
4144 4140 1
4145 4125 2
4146 4140 3
4147 4136 1
4148 4128 4
4149 4138 2
4150 158 2
4151 158 1
4152 4150 1
4153 4150 1
4154 4152 1
4155 4154 1
4156 158 4
4157 4150 1
4158 4156 2
4159 4158 1
4160 4157 2
4161 4154 4
4162 4160 2
4163 4153 1
4164 4150 4
4165 4160 2
4166 4151 3
4167 4151 1
4168 4157 4
4169 4167 2
4170 4162 2
4171 4166 1
4172 4150 4
4173 4153 1
4174 4153 4
4175 159 1
4176 4175 1
4177 4175 2
4178 4175 3
4179 4178 1
4180 4178 2
4181 4179 4
4182 4176 4
4183 4177 2
4184 159 4
4185 4178 4
4186 4178 3
4187 159 1
4188 4178 4
4189 4175 2
4190 4177 2
4191 4181 4
4192 4180 4
4193 4178 3
4194 4188 2
4195 4181 1
4196 4190 3
4197 4182 2
4198 4195 3
4199 4189 4
4200 160 2
4201 160 1
4202 4200 1
4203 4201 1
4204 160 1
4205 4203 4
4206 4201 3
4207 4204 2
4208 4206 4
4209 4208 4
4210 4206 4
4211 4206 1
4212 4209 3
4213 4202 4
4214 4211 4
4215 4203 3
4216 4211 4
4217 4205 4
4218 4212 3
4219 4213 3
4220 4200 2
4221 4220 3
4222 4217 1
4223 4219 4
4224 4223 2
4225 161 3
4226 4225 4
4227 4226 4
4228 161 1
4229 161 1
4230 4226 3
4231 4230 1
4232 4231 3
4233 4232 1
4234 4233 2
4235 4232 4
4236 4235 4
4237 4231 3
4238 4235 3
4239 4237 2
4240 4227 2
4241 4237 3
4242 4241 2
4243 4242 1
4244 4243 2
4245 4232 3
4246 4231 3
4247 4243 2
4248 4237 1
4249 4227 3
4250 162 2
4251 162 3
4252 4251 1
4253 162 3
4254 4253 1
4255 4252 1
4256 4254 2
4257 4250 4
4258 4251 4
4259 4258 4
4260 4259 3
4261 4260 3
4262 4257 1
4263 4252 3
4264 4263 3
4265 4250 2
4266 4261 3
4267 4259 1
4268 4256 1
4269 4251 3
4270 4262 2
4271 4266 4
4272 4265 1
4273 4272 1
4274 4263 4
4275 163 2
4276 4275 2
4277 163 4
4278 163 1
4279 4277 3
4280 4279 1
4281 4276 2
4282 4277 4
4283 4277 4
4284 4277 1
4285 4275 1
4286 4276 1
4287 4278 3
4288 4286 1
4289 4280 3
4290 4279 3
4291 4287 4
4292 4286 4
4293 4280 2
4294 4282 1
4295 4282 2
4296 4286 4
4297 4284 1
4298 4280 3
4299 4292 4
4300 164 2
4301 4300 1
4302 4301 4
4303 164 2
4304 4301 4
4305 164 4
4306 4302 1
4307 4303 2
4308 4302 3
4309 4301 1
4310 4304 4
4311 4305 2
4312 4301 2
4313 4300 4
4314 4306 4
4315 4308 1
4316 4315 3
4317 4303 4
4318 4316 4
4319 4308 3
4320 4309 3
4321 4314 3
4322 4303 4
4323 4315 3
4324 4313 2
4325 165 4
4326 4325 2
4327 4325 3
4328 4327 4
4329 4325 2
4330 4325 4
4331 165 2
4332 4329 3
4333 4332 2
4334 4329 3
4335 4327 2
4336 4330 3
4337 4327 4
4338 4330 1
4339 4325 4
4340 4337 1
4341 4330 2
4342 4336 2
4343 4328 2
4344 4331 4
4345 4338 2
4346 4329 1
4347 4343 1
4348 4342 1
4349 4330 4
4350 166 2
4351 4350 3
4352 4351 2
4353 4352 2
4354 4353 1
4355 4353 4
4356 166 4
4357 4351 4
4358 4354 1
4359 166 4
4360 4351 4
4361 4355 3
4362 166 4
4363 4356 4
4364 166 4
4365 4357 1
4366 4361 1
4367 4366 3
4368 4352 2
4369 4356 2
4370 4359 4
4371 4369 1
4372 4354 4
4373 4372 2
4374 4368 4
4375 167 4
4376 4375 3
4377 4376 2
4378 4377 4
4379 4376 3
4380 167 2
4381 4377 1
4382 4378 4
4383 4382 2
4384 4378 4
4385 4380 4
4386 4383 2
4387 4380 4
4388 4375 1
4389 4381 4
4390 4375 2
4391 4390 2
4392 4390 1
4393 4376 4
4394 4381 4
4395 4377 4
4396 4383 2
4397 4382 1
4398 4396 4
4399 4394 2
4400 168 2
4401 168 1
4402 4400 3
4403 4401 3
4404 4401 4
4405 4401 3
4406 4402 2
4407 4404 1
4408 4403 3
4409 4401 4
4410 4401 1
4411 4402 2
4412 4406 2
4413 4406 1
4414 4413 4
4415 4413 1
4416 4415 3
4417 4410 2
4418 4407 3
4419 4409 3
4420 4418 1
4421 4401 2
4422 4418 1
4423 4422 3
4424 4400 4
4425 169 3
4426 169 2
4427 169 4
4428 4427 2
4429 4425 3
4430 4426 1
4431 4426 4
4432 4431 3
4433 4429 2
4434 4425 1
4435 4432 1
4436 4425 3
4437 4433 3
4438 4437 2
4439 4430 4
4440 4425 4
4441 4436 2
4442 4430 4
4443 4437 2
4444 4435 3
4445 4438 3
4446 4432 1
4447 4425 3
4448 4444 2
4449 4448 2
4450 170 2
4451 4450 4
4452 4451 1
4453 4452 1
4454 170 1
4455 4451 1
4456 4451 3
4457 4455 1
4458 4451 3
4459 170 4
4460 4456 2
4461 4460 2
4462 4461 1
4463 4453 3
4464 4455 3
4465 4464 3
4466 4450 1
4467 4460 3
4468 4453 2
4469 4453 3
4470 4455 1
4471 4470 4
4472 4470 3
4473 4469 4
4474 4456 1
4475 171 4
4476 171 1
4477 171 2
4478 4477 2
4479 4476 2
4480 4475 2
4481 4480 3
4482 4477 3
4483 4482 2
4484 4476 3
4485 4481 4
4486 171 1
4487 4484 3
4488 4480 1
4489 4484 1
4490 4485 3
4491 4480 3
4492 4476 2
4493 4491 2
4494 4484 4
4495 171 1
4496 4479 2
4497 4486 1
4498 4482 4
4499 4490 3
4500 172 2
4501 4500 3
4502 172 2
4503 4500 4
4504 4502 3
4505 4502 2
4506 4503 3
4507 172 4
4508 4500 4
4509 4507 3
4510 4506 3
4511 4503 1
4512 4505 2
4513 4502 2
4514 4502 3
4515 4510 3
4516 4503 3
4517 4507 1
4518 4512 1
4519 4501 3
4520 4513 4
4521 4512 4
4522 4521 1
4523 4514 1
4524 4502 4
4525 173 4
4526 4525 3
4527 4526 1
4528 4526 4
4529 4526 2
4530 4525 3
4531 4527 1
4532 4526 3
4533 4529 1
4534 4531 3
4535 4529 4
4536 4528 3
4537 173 4
4538 4532 2
4539 4531 1
4540 4533 1
4541 4538 3
4542 4536 4
4543 173 2
4544 4538 1
4545 4543 3
4546 4526 4
4547 4526 3
4548 4527 3
4549 4547 3
4550 174 4
4551 174 3
4552 4550 3
4553 4550 3
4554 4550 2
4555 4552 4
4556 4551 2
4557 4555 2
4558 4553 1
4559 4558 2
4560 4554 2
4561 4560 4
4562 4555 1
4563 4559 2
4564 4560 4
4565 4562 2
4566 4561 3
4567 4561 2
4568 4560 1
4569 4564 4
4570 4562 2
4571 4563 1
4572 4552 4
4573 4550 2
4574 4555 1
4575 175 3
4576 4575 4
4577 4576 2
4578 4575 1
4579 175 4
4580 4575 3
4581 4580 4
4582 4578 3
4583 4582 1
4584 4579 1
4585 4584 1
4586 4582 2
4587 4585 1
4588 4579 3
4589 4576 3
4590 4588 4
4591 4590 1
4592 175 3
4593 4592 1
4594 4588 3
4595 4582 1
4596 4582 3
4597 4586 1
4598 4579 1
4599 175 4
4600 176 2
4601 4600 4
4602 4601 3
4603 4601 2
4604 4602 4
4605 4604 4
4606 4605 1
4607 4600 1
4608 4606 1
4609 176 4
4610 4607 2
4611 4600 3
4612 4608 4
4613 4612 4
4614 176 1
4615 4600 2
4616 4607 1
4617 4602 2
4618 4616 3
4619 4618 4
4620 4616 2
4621 4603 3
4622 4601 4
4623 4611 4
4624 176 2
4625 177 4
4626 4625 2
4627 177 4
4628 177 4
4629 177 4
4630 177 4
4631 4629 1
4632 4625 3
4633 4629 3
4634 4630 3
4635 4629 2
4636 4626 4
4637 177 2
4638 4633 3
4639 4633 1
4640 4626 3
4641 4625 2
4642 4626 3
4643 4629 1
4644 4625 1
4645 4629 1
4646 4640 2
4647 4636 4
4648 4632 4
4649 4638 2
4650 178 3
4651 4650 1
4652 178 2
4653 4652 4
4654 4650 2
4655 4651 4
4656 4651 4
4657 4656 3
4658 4654 3
4659 4658 4
4660 4651 2
4661 4652 3
4662 4650 2
4663 4662 2
4664 4661 4
4665 4661 3
4666 4661 4
4667 4658 2
4668 4651 4
4669 4653 2
4670 4650 1
4671 4667 4
4672 4671 2
4673 4657 2
4674 4671 4
4675 179 3
4676 4675 3
4677 4676 1
4678 4677 2
4679 4675 1
4680 4675 1
4681 4679 1
4682 4681 1
4683 4677 1
4684 4675 3
4685 4684 2
4686 4678 3
4687 4681 3
4688 4676 2
4689 4676 3
4690 179 4
4691 4689 3
4692 4678 4
4693 4676 3
4694 4691 2
4695 4683 2
4696 4685 1
4697 4693 4
4698 4683 3
4699 4687 2
4700 180 3
4701 180 3
4702 4700 4
4703 4700 1
4704 4700 2
4705 4700 3
4706 4705 3
4707 4705 4
4708 180 1
4709 4700 1
4710 4707 1
4711 4707 4
4712 4702 2
4713 4703 2
4714 180 1
4715 4707 3
4716 4700 1
4717 4705 1
4718 4713 1
4719 4710 4
4720 4707 2
4721 4718 1
4722 4704 1
4723 4711 1
4724 4712 1
4725 181 4
4726 181 3
4727 181 1
4728 181 4
4729 4726 4
4730 181 1
4731 4730 2
4732 4727 1
4733 4728 2
4734 181 1
4735 4733 3
4736 4729 1
4737 181 1
4738 4735 2
4739 4736 2
4740 4730 2
4741 4727 3
4742 4733 3
4743 181 3
4744 4725 1
4745 4743 2
4746 4737 2
4747 4743 4
4748 4732 3
4749 4738 4
4750 182 3
4751 4750 2
4752 4750 2
4753 4750 1
4754 182 2
4755 182 4
4756 4755 1
4757 4754 1
4758 4750 3
4759 4750 1
4760 4752 3
4761 4750 4
4762 4753 4
4763 4758 3
4764 4750 2
4765 4757 1
4766 4762 4
4767 4754 3
4768 4759 1
4769 4768 3
4770 4761 2
4771 4767 1
4772 4765 4
4773 4757 3
4774 4772 2
4775 183 3
4776 4775 4
4777 183 4
4778 4777 3
4779 4775 4
4780 4777 4
4781 4775 2
4782 4777 2
4783 4781 3
4784 183 3
4785 4780 4
4786 4775 4
4787 4778 1
4788 4781 2
4789 4777 3
4790 4778 4
4791 4783 2
4792 4783 2
4793 4791 2
4794 4778 2
4795 4789 1
4796 4780 4
4797 4775 4
4798 4792 2
4799 4790 1
4800 184 1
4801 184 3
4802 4800 1
4803 4801 3
4804 4800 4
4805 4803 1
4806 4800 4
4807 4802 3
4808 4802 1
4809 4806 3
4810 4801 2
4811 4801 4
4812 184 1
4813 4800 2
4814 184 2
4815 4806 4
4816 4814 1
4817 4806 3
4818 4811 4
4819 4806 3
4820 4815 4
4821 4819 1
4822 4811 1
4823 4814 2
4824 4804 4
4825 185 4
4826 185 3
4827 4825 1
4828 4827 1
4829 4828 2
4830 4829 1
4831 4825 4
4832 4826 4
4833 4829 1
4834 4828 4
4835 4829 3
4836 4832 1
4837 4836 1
4838 4829 1
4839 4828 3
4840 4827 2
4841 4836 4
4842 4828 3
4843 4829 1
4844 4843 2
4845 4832 2
4846 4839 4
4847 4841 3
4848 4846 1
4849 4833 2
4850 186 3
4851 4850 4
4852 186 2
4853 4850 4
4854 4851 2
4855 186 4
4856 4853 2
4857 4853 2
4858 4856 3
4859 4854 4
4860 4854 2
4861 4860 2
4862 4850 2
4863 4861 3
4864 4852 1
4865 4853 4
4866 4852 1
4867 4866 4
4868 4867 3
4869 4851 4
4870 4864 3
4871 4854 3
4872 4871 2
4873 4850 3
4874 4872 2
4875 187 2
4876 4875 4
4877 4876 3
4878 187 2
4879 4877 1
4880 4878 1
4881 4880 2
4882 4880 1
4883 4882 1
4884 4876 2
4885 4882 4
4886 4882 4
4887 4881 4
4888 4878 2
4889 4887 2
4890 4886 2
4891 4878 1
4892 4888 1
4893 4890 2
4894 4893 4
4895 4894 1
4896 4884 3
4897 4894 4
4898 4891 3
4899 4880 1
4900 188 4
4901 188 3
4902 4900 3
4903 4900 4
4904 4900 4
4905 4903 3
4906 4900 2
4907 4906 1
4908 4902 3
4909 4902 3
4910 188 1
4911 4905 2
4912 4909 2
4913 188 4
4914 4910 3
4915 4901 3
4916 4914 3
4917 4904 4
4918 4911 1
4919 4915 1
4920 4909 2
4921 4900 1
4922 4911 1
4923 4907 3
4924 4917 4
4925 189 2
4926 4925 3
4927 4926 2
4928 4925 4
4929 189 2
4930 4927 1
4931 4925 2
4932 4925 2
4933 4927 2
4934 4925 3
4935 4933 3
4936 4929 1
4937 4928 3
4938 4934 3
4939 4925 2
4940 4934 4
4941 4937 2
4942 4932 2
4943 4929 2
4944 4931 2
4945 4939 1
4946 4938 4
4947 4938 2
4948 4944 3
4949 4928 2
4950 190 4
4951 4950 4
4952 190 4
4953 190 4
4954 4952 2
4955 4950 2
4956 4953 1
4957 190 2
4958 4950 1
4959 4951 4
4960 4959 1
4961 4957 1
4962 4951 1
4963 4951 2
4964 4952 4
4965 4954 1
4966 4954 2
4967 4962 2
4968 4963 3
4969 4953 3
4970 4962 1
4971 4956 3
4972 4958 3
4973 4962 2
4974 4967 1
4975 191 4
4976 191 2
4977 191 4
4978 4976 2
4979 191 1
4980 4976 3
4981 191 1
4982 4975 1
4983 4981 2
4984 191 1
4985 4984 3
4986 4976 3
4987 4986 1
4988 4980 3
4989 4985 2
4990 4982 4
4991 4977 4
4992 4987 4
4993 4983 2
4994 4978 4
4995 4991 3
4996 4986 3
4997 4996 2
4998 4979 4
4999 4975 2
5000 192 4
5001 192 4
5002 192 1
5003 192 3
5004 192 4
5005 5001 3
5006 5000 2
5007 5000 1
5008 5000 2
5009 5004 1
5010 192 1
5011 5002 4
5012 5007 1
5013 5012 4
5014 5010 1
5015 5002 4
5016 192 2
5017 5015 1
5018 5017 4
5019 5015 3
5020 5001 1
5021 5006 3
5022 5008 4
5023 5011 3
5024 5000 2
5025 193 3
5026 5025 1
5027 5025 1
5028 5026 4
5029 5027 2
5030 193 1
5031 5026 1
5032 5027 1
5033 5029 2
5034 5028 1
5035 5032 1
5036 5027 1
5037 5035 4
5038 5025 1
5039 5030 3
5040 5038 2
5041 5036 2
5042 5033 4
5043 5025 2
5044 5034 1
5045 5027 2
5046 5042 3
5047 5026 2
5048 5047 3
5049 193 2
5050 194 1
5051 5050 3
5052 5050 3
5053 5052 1
5054 5052 1
5055 5052 3
5056 5051 3
5057 5051 2
5058 5053 1
5059 5057 1
5060 5058 4
5061 5056 2
5062 5057 2
5063 5052 3
5064 5059 2
5065 5062 3
5066 194 2
5067 5062 2
5068 5058 1
5069 5057 1
5070 5065 4
5071 5062 4
5072 5050 4
5073 5072 2
5074 5067 3
5075 195 4
5076 5075 1
5077 5075 3
5078 5075 4
5079 5075 4
5080 5077 3
5081 5075 2
5082 5081 2
5083 5078 2
5084 5083 2
5085 5079 1
5086 5083 3
5087 195 3
5088 5086 3
5089 5079 4
5090 5076 3
5091 5085 1
5092 5078 2
5093 5080 3
5094 5083 1
5095 5083 4
5096 5086 2
5097 5076 2
5098 195 4
5099 5093 3
5100 196 2
5101 196 4
5102 5101 4
5103 5102 2
5104 5100 2
5105 5103 1
5106 5100 3
5107 5101 3
5108 5105 2
5109 5101 3
5110 5103 3
5111 5108 3
5112 5104 4
5113 5110 4
5114 5104 1
5115 196 4
5116 196 2
5117 5100 3
5118 5102 1
5119 196 1
5120 5102 1
5121 5106 2
5122 5119 4
5123 5102 4
5124 5112 2
5125 197 3
5126 5125 2
5127 5126 4
5128 5126 2
5129 5126 2
5130 5125 2
5131 5129 4
5132 5127 1
5133 197 1
5134 5128 1
5135 5126 3
5136 5125 3
5137 5125 2
5138 197 1
5139 5135 2
5140 5135 2
5141 5140 3
5142 5127 2
5143 5137 3
5144 5142 2
5145 5135 4
5146 5141 4
5147 5139 3
5148 5143 4
5149 5129 2
5150 198 3
5151 5150 1
5152 5150 1
5153 5152 4
5154 5150 4
5155 5153 4
5156 5151 2
5157 5151 2
5158 5152 4
5159 5154 4
5160 5156 4
5161 5156 1
5162 5153 4
5163 5158 1
5164 5162 1
5165 5158 2
5166 5163 2
5167 5158 3
5168 5160 1
5169 5168 3
5170 5152 3
5171 5151 3
5172 5165 2
5173 5161 2
5174 198 1
5175 199 2
5176 5175 1
5177 5175 1
5178 199 3
5179 5176 1
5180 5178 3
5181 5178 1
5182 5176 4
5183 199 2
5184 5179 2
5185 5183 1
5186 199 4
5187 5177 2
5188 5178 4
5189 5178 2
5190 5176 3
5191 5189 1
5192 5190 2
5193 199 3
5194 5193 1
5195 5180 4
5196 5175 2
5197 5175 2
5198 5188 4
5199 5197 4
