6 0 1
7 0 9
8 0 5
9 6 3
10 0 7
11 8 8
12 7 1
13 9 8
14 0 4
15 9 6
16 9 1
17 13 6
18 0 5
19 18 8
20 7 2
21 14 3
22 17 4
23 11 4
24 23 2
25 23 10
26 19 8
27 16 3
28 12 9
29 13 6
30 25 7
31 27 9
32 7 7
33 27 1
34 27 3
35 15 2
36 13 8
37 21 6
38 8 9
39 11 9
40 18 7
41 36 2
42 39 7
43 24 1
44 23 1
45 8 1
46 21 3
47 40 4
48 38 2
49 10 8
50 42 5
51 31 3
52 0 4
53 6 3
54 36 2
55 9 10
56 7 3
57 31 5
58 6 8
59 16 7
60 44 3
61 56 9
62 17 5
63 45 8
64 18 4
65 48 3
66 26 5
67 58 10
68 22 4
69 12 10
70 33 2
71 12 4
72 26 7
73 30 4
74 73 7
75 56 10
76 47 10
77 38 1
78 32 3
79 17 4
80 24 5
81 62 3
82 49 2
83 46 10
84 10 2
85 50 9
86 62 5
87 78 6
88 79 9
89 38 9
90 29 7
91 35 5
92 46 3
93 15 4
94 56 8
95 91 4
96 93 1
97 80 3
98 40 3
99 75 10
100 42 7
101 17 8
102 56 7
103 32 4
104 63 10
105 13 5
106 73 6
107 0 5
108 97 6
109 19 5
110 20 6
111 102 4
112 13 7
113 85 4
114 86 3
115 76 5
116 66 1
117 59 3
118 94 2
119 29 8
120 91 8
121 24 5
122 35 9
123 10 10
124 66 9
125 102 4
126 63 4
127 115 9
128 0 3
129 30 3
130 9 5
131 65 6
132 19 6
133 69 8
134 124 8
135 130 2
136 110 7
137 75 10
138 92 10
139 18 1
140 96 5
141 116 4
142 61 1
143 109 7
144 74 2
145 115 7
146 94 9
147 49 7
148 94 9
149 103 3
150 115 5
151 70 8
152 99 1
153 56 7
154 78 2
155 151 6
156 48 9
157 106 3
158 65 8
159 153 9
160 85 8
161 57 7
162 10 3
163 144 1
164 81 3
165 79 3
166 41 1
167 6 6
168 89 8
169 109 3
170 88 8
171 63 2
172 161 10
173 31 3
174 130 5
175 80 9
176 111 4
177 161 8
178 159 2
179 122 1
180 71 5
181 77 3
182 46 5
183 13 5
184 60 1
185 39 3
186 157 8
187 55 7
188 97 1
189 115 1
190 122 1
191 125 4
192 117 6
193 128 4
194 96 10
195 188 8
196 64 6
197 120 7
198 9 2
199 198 5
200 123 9
201 53 9
202 199 10
203 56 9
204 27 10
205 49 5
206 67 4
207 160 2
208 42 4
209 45 5
210 166 5
211 199 10
212 136 2
213 96 10
214 33 8
215 14 5
216 201 10
217 192 5
218 122 7
219 217 3
220 39 10
221 16 9
222 142 1
223 215 1
224 32 7
225 96 2
226 134 8
227 145 3
228 83 10
229 45 6
230 95 2
231 63 6
232 223 5
233 56 7
234 66 2
235 93 2
236 150 8
237 149 5
238 146 7
239 186 10
240 238 4
241 166 3
242 23 6
243 78 1
244 218 10
245 119 7
246 244 2
247 114 5
248 55 10
249 230 5
250 38 8
251 186 8
252 16 10
253 219 3
254 235 6
255 123 6
256 238 6
257 23 4
258 94 4
259 146 6
260 84 3
261 102 9
262 39 1
263 66 5
264 133 3
265 156 6
266 159 2
267 237 10
268 103 7
269 87 8
270 149 5
271 83 8
272 9 5
273 223 5
274 153 2
275 259 6
276 115 9
277 34 8
278 90 4
279 155 5
280 210 5
281 84 3
282 218 4
283 173 9
284 259 9
285 142 4
286 102 3
287 39 7
288 12 8
289 27 9
290 182 9
291 114 7
292 279 7
293 193 6
294 229 3
295 253 9
296 233 4
297 125 8
298 200 1
299 28 5
300 259 7
301 54 4
302 230 8
303 58 8
304 256 10
305 124 10
306 34 3
307 174 4
308 216 6
309 96 7
310 220 4
311 282 7
312 271 2
313 48 1
314 116 6
315 260 2
316 280 7
317 143 6
318 77 10
319 88 8
320 240 2
321 98 2
322 118 1
323 18 4
324 292 9
325 228 9
326 258 1
327 122 2
328 21 1
329 123 6
330 186 7
331 277 8
332 47 9
333 265 6
334 40 8
335 330 5
336 262 6
337 27 4
338 85 1
339 127 7
340 281 3
341 326 5
342 46 5
343 304 5
344 330 4
345 155 3
346 242 3
347 299 2
348 228 6
349 257 2
350 120 2
351 191 2
352 197 10
353 35 2
354 299 1
355 64 5
356 315 5
357 112 2
358 310 2
359 121 9
360 297 2
361 98 10
362 177 1
363 166 7
364 13 2
365 264 2
366 184 8
367 328 2
368 341 6
369 121 6
370 81 1
371 27 1
372 20 1
373 310 3
374 123 4
375 35 8
376 352 10
377 274 8
378 83 8
379 345 7
380 264 1
381 310 7
382 380 7
383 255 5
384 31 8
385 203 4
386 9 7
387 338 4
388 80 6
389 232 9
390 220 2
391 25 2
392 148 8
393 76 8
394 232 7
395 110 3
396 167 6
397 330 9
398 377 9
399 211 10
400 109 9
401 291 4
402 145 7
403 222 10
404 194 5
405 293 9
406 160 4
407 300 1
408 403 8
409 236 2
410 221 6
411 291 10
412 282 3
413 280 5
414 154 6
415 51 6
416 264 10
417 360 6
418 186 7
419 336 6
420 197 9
421 28 8
422 213 6
423 124 3
424 297 2
425 238 9
426 323 2
427 42 7
428 20 6
429 54 10
430 149 2
431 421 1
432 206 6
433 172 2
434 112 7
435 352 8
436 303 8
437 150 6
438 385 9
439 406 8
440 263 9
441 335 2
442 245 5
443 327 2
444 103 3
445 283 7
446 320 3
447 215 8
448 208 8
449 343 8
450 175 9
451 168 10
452 36 1
453 268 7
454 256 1
455 225 6
456 282 4
457 246 5
458 300 9
459 98 2
460 188 8
461 402 2
462 359 6
463 362 8
464 405 10
465 286 9
466 57 5
467 229 2
468 47 4
469 434 4
470 418 1
471 179 3
472 29 10
473 107 2
474 161 1
475 82 2
476 212 6
477 268 6
478 172 10
479 152 10
480 193 6
481 56 9
482 199 3
483 377 2
484 28 2
485 63 9
486 198 2
487 369 8
488 133 1
489 370 4
490 236 5
491 354 1
492 132 2
493 317 3
494 410 10
495 23 5
496 162 4
497 48 3
498 138 2
499 43 6
500 301 6
501 176 9
502 184 5
503 260 9
504 424 10
505 268 2
506 417 7
507 218 1
508 298 10
509 183 9
510 226 10
511 319 2
512 48 4
513 193 10
514 512 6
515 62 10
516 435 10
517 405 9
518 217 4
519 73 6
520 364 6
521 6 10
522 268 1
523 315 6
524 79 9
525 440 7
526 54 1
527 484 9
528 495 5
529 89 6
530 218 8
531 344 4
532 198 6
533 85 3
534 109 10
535 139 6
536 259 2
537 40 10
538 463 8
539 9 8
540 408 5
541 57 4
542 287 2
543 75 10
544 492 1
545 108 5
546 129 6
547 277 5
548 96 1
549 543 8
550 151 10
551 194 7
552 346 3
553 278 4
554 543 9
555 234 9
556 399 1
557 500 5
558 62 9
559 272 8
560 441 5
561 234 8
562 549 7
563 38 1
564 134 6
565 199 7
566 408 6
567 229 1
568 514 7
569 166 3
570 305 5
571 40 9
572 284 3
573 385 5
574 294 8
575 80 10
576 520 8
577 415 4
578 492 4
579 372 6
580 15 7
581 13 8
582 560 4
583 227 10
584 415 7
585 265 5
586 58 8
587 466 4
588 180 10
589 254 2
590 229 9
591 61 1
592 43 7
593 393 9
594 365 4
595 244 2
596 259 1
597 106 5
598 163 7
599 519 3
600 323 1
601 317 6
602 157 1
603 267 9
604 332 6
605 356 1
606 332 2
607 172 5
608 336 5
609 471 7
610 563 9
611 196 3
612 17 4
613 235 5
614 25 7
615 389 1
616 176 5
617 287 8
618 89 2
619 292 3
620 440 1
621 97 10
622 572 4
623 353 9
624 239 7
625 307 5
626 250 3
627 397 6
628 365 3
629 435 10
630 436 10
631 588 6
632 439 4
633 316 10
634 363 8
635 309 6
636 29 2
637 528 2
638 272 4
639 260 2
640 549 6
641 188 10
642 446 9
643 115 6
644 577 6
645 475 2
646 56 10
647 26 4
648 597 3
649 554 10
650 380 8
651 133 7
652 132 5
653 98 8
654 250 8
655 102 2
656 63 9
657 275 4
658 348 3
659 125 7
660 644 7
661 530 1
662 564 8
663 483 1
664 152 6
665 442 7
666 255 4
667 138 3
668 357 3
669 84 8
670 406 9
671 251 9
672 440 9
673 303 5
674 448 3
675 80 5
676 33 4
677 413 9
678 347 6
679 330 4
680 117 10
681 257 8
682 669 10
683 680 3
684 210 8
685 488 1
686 411 7
687 171 7
688 79 6
689 480 8
690 450 6
691 642 8
692 257 1
693 237 6
694 518 3
695 35 2
696 693 5
697 411 3
698 12 1
699 396 6
700 649 4
701 654 1
702 134 2
703 27 1
704 513 3
705 230 3
706 231 10
707 303 8
708 562 8
709 464 2
710 122 9
711 468 4
712 299 1
713 263 10
714 286 1
715 258 6
716 521 2
717 304 7
718 716 9
719 594 6
720 112 3
721 81 4
722 153 4
723 619 9
724 521 8
725 458 7
726 470 6
727 596 7
728 96 5
729 422 3
730 350 1
731 277 7
732 367 9
733 617 9
734 530 10
735 456 7
736 560 8
737 413 10
738 335 2
739 201 9
740 728 8
741 313 7
742 492 1
743 14 8
744 743 10
745 429 1
746 525 8
747 94 9
748 586 6
749 288 5
750 583 4
751 147 8
752 6 9
753 265 4
754 574 6
755 393 10
756 220 1
757 402 1
758 452 1
759 678 7
760 363 4
761 366 10
762 489 7
763 600 1
764 56 4
765 694 2
766 574 4
767 499 5
768 206 9
769 357 10
770 752 6
771 376 8
772 401 2
773 676 1
774 135 8
775 328 2
776 658 6
777 169 1
778 80 5
779 564 1
780 530 4
781 40 8
782 218 4
783 640 9
784 104 1
785 595 5
786 71 8
787 272 10
788 670 2
789 209 8
790 437 7
791 713 1
792 175 6
793 343 2
794 549 10
795 98 6
796 529 9
797 220 1
798 33 3
799 210 5
800 383 4
801 800 1
802 271 5
803 593 8
804 144 1
805 704 5
806 86 7
807 135 4
808 307 1
809 348 4
810 398 4
811 755 7
812 799 7
813 809 6
814 181 2
815 710 3
816 390 9
817 414 8
818 747 5
819 47 3
820 37 6
821 167 6
822 368 10
823 20 5
824 163 6
825 576 4
826 471 3
827 639 2
828 366 3
829 506 3
830 809 2
831 25 1
832 293 9
833 398 10
834 404 3
835 361 6
836 813 2
837 351 10
838 335 10
839 1 5
840 1 8
841 839 3
842 1 2
843 841 8
844 841 1
845 1 6
846 843 4
847 846 4
848 846 2
849 1 9
850 845 3
851 848 5
852 845 4
853 852 1
854 842 1
855 846 4
856 839 4
857 841 5
858 857 8
859 855 7
860 857 10
861 850 9
862 841 6
863 847 3
864 859 10
865 850 5
866 857 1
867 849 9
868 853 1
869 867 1
870 850 6
871 848 7
872 848 8
873 853 7
874 865 2
875 855 6
876 859 6
877 846 2
878 840 7
879 864 3
880 871 3
881 862 8
882 846 3
883 873 3
884 857 1
885 881 6
886 840 4
887 847 8
888 845 3
889 881 4
890 870 2
891 883 5
892 861 10
893 869 10
894 884 7
895 863 3
896 867 7
897 849 9
898 888 9
899 845 9
900 875 10
901 888 9
902 881 5
903 848 6
904 871 4
905 891 1
906 882 7
907 899 4
908 849 5
909 902 1
910 843 8
911 846 2
912 878 1
913 850 4
914 894 4
915 841 8
916 861 4
917 909 2
918 910 8
919 900 3
920 864 5
921 889 10
922 845 5
923 876 5
924 901 7
925 890 9
926 875 9
927 915 5
928 884 8
929 874 3
930 911 4
931 839 4
932 847 9
933 879 6
934 842 3
935 928 7
936 933 10
937 906 2
938 911 7
939 911 3
940 878 7
941 854 6
942 895 7
943 889 10
944 861 3
945 933 6
946 922 3
947 909 7
948 941 7
949 903 9
950 872 3
951 887 4
952 877 4
953 889 1
954 946 10
955 879 4
956 925 3
957 920 7
958 867 10
959 904 4
960 904 9
961 850 4
962 862 6
963 903 10
964 860 1
965 894 1
966 857 2
967 854 4
968 931 9
969 862 3
970 895 7
971 893 4
972 939 1
973 851 2
974 937 2
975 872 6
976 899 2
977 919 9
978 923 5
979 864 5
980 944 1
981 927 9
982 956 3
983 874 5
984 966 5
985 905 2
986 981 5
987 967 6
988 961 8
989 977 6
990 844 2
991 866 9
992 892 10
993 937 8
994 877 10
995 850 4
996 905 3
997 909 6
998 862 9
999 856 5
1000 861 8
1001 868 7
1002 862 6
1003 959 2
1004 896 1
1005 922 8
1006 958 5
1007 999 3
1008 902 8
1009 962 10
1010 935 6
1011 947 10
1012 878 5
1013 845 1
1014 978 2
1015 945 2
1016 910 8
1017 900 3
1018 948 8
1019 897 9
1020 997 6
1021 868 2
1022 869 10
1023 865 6
1024 916 1
1025 1015 2
1026 976 2
1027 976 9
1028 842 5
1029 951 5
1030 902 1
1031 888 8
1032 1017 10
1033 957 6
1034 933 9
1035 977 5
1036 1 3
1037 860 10
1038 953 2
1039 871 4
1040 918 1
1041 843 4
1042 963 7
1043 937 9
1044 871 6
1045 1008 1
1046 985 3
1047 909 2
1048 953 10
1049 1046 4
1050 1015 2
1051 962 4
1052 888 9
1053 968 6
1054 953 5
1055 887 6
1056 1042 1
1057 1053 1
1058 1046 2
1059 953 8
1060 870 6
1061 1006 8
1062 958 5
1063 1002 5
1064 883 4
1065 897 2
1066 1041 6
1067 913 3
1068 996 4
1069 926 9
1070 882 6
1071 929 5
1072 917 3
1073 866 10
1074 864 2
1075 976 8
1076 965 9
1077 851 1
1078 928 2
1079 880 6
1080 955 1
1081 882 5
1082 1016 2
1083 1047 2
1084 943 6
1085 907 3
1086 937 2
1087 875 5
1088 966 8
1089 856 5
1090 978 6
1091 948 10
1092 1005 8
1093 840 3
1094 894 1
1095 925 3
1096 951 3
1097 917 3
1098 925 10
1099 911 5
1100 997 10
1101 899 6
1102 1031 2
1103 1038 2
1104 854 6
1105 1099 2
1106 983 7
1107 999 9
1108 998 4
1109 1089 1
1110 1093 8
1111 1069 7
1112 1018 1
1113 888 1
1114 1090 8
1115 896 8
1116 1032 8
1117 909 7
1118 1080 8
1119 993 6
1120 933 1
1121 923 1
1122 910 4
1123 1099 4
1124 1088 4
1125 989 6
1126 1116 4
1127 870 1
1128 874 7
1129 978 8
1130 885 2
1131 888 7
1132 875 1
1133 885 2
1134 969 9
1135 1133 10
1136 920 5
1137 1087 8
1138 1118 5
1139 843 7
1140 885 3
1141 922 5
1142 923 1
1143 917 1
1144 1050 1
1145 890 5
1146 902 1
1147 1080 7
1148 1039 7
1149 916 7
1150 953 8
1151 1000 9
1152 1151 7
1153 895 10
1154 1116 7
1155 1075 2
1156 1009 6
1157 1152 3
1158 1073 3
1159 1007 10
1160 844 2
1161 1057 8
1162 1159 10
1163 937 3
1164 840 4
1165 1076 3
1166 887 8
1167 1056 6
1168 1114 2
1169 998 3
1170 982 9
1171 924 4
1172 968 1
1173 1143 9
1174 1116 8
1175 1106 1
1176 1066 5
1177 888 6
1178 1143 6
1179 1104 1
1180 845 3
1181 1056 10
1182 1079 1
1183 1090 3
1184 1182 7
1185 927 2
1186 977 5
1187 1074 1
1188 1181 8
1189 1028 7
1190 1041 9
1191 992 7
1192 1122 6
1193 1082 2
1194 1052 8
1195 880 6
1196 902 9
1197 1182 10
1198 901 8
1199 1161 1
1200 915 9
1201 878 7
1202 924 5
1203 1166 10
1204 882 5
1205 1177 6
1206 892 4
1207 847 8
1208 1155 2
1209 1128 10
1210 1029 5
1211 1158 2
1212 908 2
1213 1088 2
1214 993 3
1215 1187 4
1216 920 4
1217 975 1
1218 1190 6
1219 1185 1
1220 912 10
1221 1072 2
1222 986 10
1223 847 6
1224 937 2
1225 882 7
1226 1180 8
1227 1142 6
1228 1033 5
1229 1024 2
1230 1123 8
1231 1200 4
1232 917 7
1233 1016 5
1234 951 8
1235 905 5
1236 1079 4
1237 1229 10
1238 957 4
1239 1213 5
1240 1056 9
1241 981 1
1242 1236 3
1243 1078 4
1244 1166 5
1245 925 4
1246 1058 8
1247 1090 5
1248 904 4
1249 1171 9
1250 1175 5
1251 1131 10
1252 947 9
1253 1028 5
1254 895 9
1255 909 6
1256 960 10
1257 927 8
1258 1069 1
1259 1149 10
1260 917 5
1261 866 6
1262 1192 10
1263 1046 7
1264 1160 10
1265 952 6
1266 1042 1
1267 1051 6
1268 1131 6
1269 889 2
1270 1221 5
1271 903 1
1272 882 8
1273 1241 10
1274 1149 1
1275 862 5
1276 1242 7
1277 884 10
1278 1011 9
1279 1193 10
1280 1073 9
1281 1031 7
1282 1038 5
1283 1017 4
1284 1214 2
1285 1176 9
1286 942 5
1287 1034 2
1288 1098 2
1289 885 4
1290 1097 9
1291 919 8
1292 961 5
1293 1014 9
1294 1232 6
1295 1127 5
1296 1120 5
1297 1064 6
1298 1081 7
1299 1192 10
1300 1047 7
1301 929 9
1302 1252 6
1303 1125 6
1304 1052 7
1305 1090 3
1306 921 9
1307 869 5
1308 1082 5
1309 1006 10
1310 1290 3
1311 1301 4
1312 1039 2
1313 905 5
1314 1079 5
1315 1182 9
1316 1273 5
1317 1234 1
1318 1142 5
1319 852 7
1320 938 1
1321 878 7
1322 1031 9
1323 958 3
1324 1276 3
1325 1145 3
1326 1125 9
1327 976 2
1328 1100 1
1329 1066 6
1330 1279 1
1331 1127 8
1332 1097 2
1333 1036 10
1334 1027 1
1335 1133 5
1336 1265 3
1337 930 2
1338 983 3
1339 1274 7
1340 1209 7
1341 1141 5
1342 870 6
1343 1235 4
1344 1052 3
1345 1314 1
1346 917 9
1347 864 3
1348 887 8
1349 1256 9
1350 1284 4
1351 1292 8
1352 1088 7
1353 1200 8
1354 1195 9
1355 895 1
1356 1010 10
1357 1274 4
1358 855 10
1359 1104 4
1360 878 10
1361 1260 7
1362 998 8
1363 1002 9
1364 1267 10
1365 1063 5
1366 1097 7
1367 1048 6
1368 1009 3
1369 1116 4
1370 1052 7
1371 1025 5
1372 1009 7
1373 1283 6
1374 1332 3
1375 978 2
1376 991 2
1377 893 2
1378 1076 9
1379 908 9
1380 967 2
1381 949 6
1382 843 9
1383 1091 5
1384 935 10
1385 1061 3
1386 1336 3
1387 917 10
1388 1048 1
1389 1012 5
1390 943 2
1391 947 10
1392 1096 6
1393 1028 4
1394 1307 2
1395 1073 2
1396 1089 3
1397 936 6
1398 1032 4
1399 899 3
1400 1020 1
1401 1252 5
1402 1127 1
1403 1246 4
1404 1233 10
1405 1255 2
1406 1103 6
1407 1148 2
1408 1009 4
1409 892 5
1410 1026 9
1411 961 4
1412 948 9
1413 1208 9
1414 1078 3
1415 932 1
1416 852 8
1417 1392 3
1418 1222 9
1419 1039 2
1420 1286 2
1421 1036 2
1422 1398 5
1423 1216 8
1424 1380 6
1425 1302 7
1426 1391 8
1427 1014 10
1428 1273 8
1429 1026 2
1430 1087 6
1431 1337 1
1432 1252 8
1433 957 10
1434 877 4
1435 904 7
1436 875 8
1437 905 1
1438 1350 1
1439 897 7
1440 1157 5
1441 994 3
1442 1397 7
1443 910 9
1444 885 1
1445 1370 4
1446 1237 3
1447 1385 10
1448 1343 2
1449 1386 2
1450 1178 2
1451 915 8
1452 1008 8
1453 963 9
1454 1278 10
1455 1301 3
1456 1287 8
1457 968 4
1458 1183 2
1459 1134 7
1460 924 5
1461 1385 6
1462 1342 7
1463 1338 2
1464 1108 2
1465 1215 10
1466 1136 9
1467 1288 8
1468 1085 3
1469 1020 3
1470 1409 5
1471 1128 9
1472 1208 9
1473 1142 2
1474 888 6
1475 1175 6
1476 1150 2
1477 1202 3
1478 1274 3
1479 1210 3
1480 1408 4
1481 1053 4
1482 994 4
1483 1110 5
1484 1154 10
1485 1317 4
1486 1379 6
1487 948 8
1488 1051 5
1489 1335 9
1490 1400 9
1491 1315 6
1492 1129 8
1493 1370 10
1494 941 8
1495 1359 8
1496 1239 2
1497 1168 9
1498 1209 6
1499 1194 9
1500 1250 4
1501 1199 8
1502 1195 4
1503 860 5
1504 1500 2
1505 1469 3
1506 901 10
1507 1499 5
1508 1419 10
1509 1000 5
1510 881 5
1511 1071 4
1512 1238 4
1513 1448 6
1514 1030 2
1515 1337 10
1516 943 1
1517 890 9
1518 1011 3
1519 994 3
1520 1072 9
1521 911 10
1522 1046 1
1523 1273 2
1524 1210 10
1525 1173 3
1526 1252 8
1527 1191 7
1528 1149 8
1529 1283 5
1530 1306 8
1531 1118 10
1532 1353 2
1533 1107 4
1534 928 10
1535 893 4
1536 1025 2
1537 982 6
1538 896 4
1539 864 5
1540 1131 10
1541 1166 6
1542 1199 4
1543 940 4
1544 981 1
1545 843 6
1546 1008 10
1547 1086 1
1548 886 3
1549 1393 9
1550 1460 7
1551 1310 5
1552 1283 3
1553 1354 10
1554 919 1
1555 957 4
1556 1071 9
1557 1359 3
1558 1110 9
1559 997 5
1560 1421 8
1561 997 4
1562 937 10
1563 924 8
1564 1218 3
1565 1160 1
1566 1474 6
1567 1173 10
1568 1556 3
1569 873 7
1570 936 2
1571 1107 5
1572 1265 9
1573 1282 3
1574 1295 5
1575 1023 2
1576 1012 5
1577 1126 4
1578 1234 2
1579 886 8
1580 1467 6
1581 940 6
1582 921 4
1583 1392 9
1584 1486 2
1585 985 8
1586 1394 4
1587 1174 3
1588 1195 6
1589 1273 5
1590 848 4
1591 1040 8
1592 1202 7
1593 1180 9
1594 1378 5
1595 963 7
1596 1238 4
1597 1495 8
1598 1226 2
1599 928 5
1600 1071 3
1601 1587 2
1602 871 9
1603 879 5
1604 1154 7
1605 1473 3
1606 876 6
1607 1373 4
1608 1082 6
1609 842 3
1610 948 3
1611 917 8
1612 1527 9
1613 1415 8
1614 1223 8
1615 1151 4
1616 1366 6
1617 1262 8
1618 1049 10
1619 862 3
1620 1258 10
1621 882 10
1622 1166 10
1623 895 4
1624 1067 5
1625 1078 2
1626 1505 9
1627 1014 5
1628 1296 7
1629 1558 5
1630 1080 1
1631 1620 8
1632 1457 3
1633 1060 4
1634 1415 6
1635 1613 1
1636 1416 2
1637 1288 4
1638 1479 6
1639 1554 5
1640 1324 6
1641 1395 4
1642 1353 3
1643 1254 5
1644 1065 5
1645 903 4
1646 1108 5
1647 1272 9
1648 1248 4
1649 1055 6
1650 1602 4
1651 874 1
1652 1060 5
1653 1229 4
1654 1450 8
1655 1207 6
1656 1570 10
1657 964 7
1658 956 6
1659 1273 10
1660 1074 1
1661 1399 8
1662 875 3
1663 1558 5
1664 993 6
1665 1540 5
1666 1420 2
1667 1367 5
1668 1172 3
1669 930 9
1670 1078 9
1671 1624 9
1672 2 8
1673 2 5
1674 1672 7
1675 1672 2
1676 2 8
1677 1674 3
1678 1672 5
1679 1672 1
1680 1674 6
1681 1678 8
1682 1680 2
1683 1677 6
1684 1674 1
1685 2 2
1686 1681 9
1687 2 5
1688 1681 10
1689 1683 6
1690 1683 6
1691 1677 3
1692 1690 8
1693 1674 2
1694 1686 7
1695 1682 8
1696 1672 10
1697 1687 8
1698 1690 1
1699 1678 6
1700 1679 2
1701 1672 5
1702 1698 10
1703 1689 5
1704 1702 10
1705 1687 10
1706 1693 10
1707 1701 7
1708 1699 3
1709 1682 1
1710 1684 10
1711 1679 2
1712 1674 8
1713 1677 3
1714 1706 5
1715 1706 2
1716 1712 9
1717 1705 1
1718 1697 8
1719 1708 8
1720 1709 8
1721 1680 6
1722 1703 2
1723 1711 7
1724 2 3
1725 1673 1
1726 1674 1
1727 1681 1
1728 1712 5
1729 1681 10
1730 1689 9
1731 1676 6
1732 1677 1
1733 1689 8
1734 1722 10
1735 1674 7
1736 1684 6
1737 1673 8
1738 1722 6
1739 1716 3
1740 1702 3
1741 1721 7
1742 1684 10
1743 1687 5
1744 1721 6
1745 1673 2
1746 1708 10
1747 1700 7
1748 1678 10
1749 1739 10
1750 1735 2
1751 1678 3
1752 1725 9
1753 1741 6
1754 1681 7
1755 1694 3
1756 1731 3
1757 1747 7
1758 1754 6
1759 1731 1
1760 1730 7
1761 1760 10
1762 1710 10
1763 1692 9
1764 1686 10
1765 1749 3
1766 1718 5
1767 1710 2
1768 1704 9
1769 1728 7
1770 1691 10
1771 1687 7
1772 1761 5
1773 1690 6
1774 1716 7
1775 1749 9
1776 1688 1
1777 1768 3
1778 1692 1
1779 2 7
1780 1761 8
1781 1676 5
1782 1777 7
1783 1682 5
1784 1742 8
1785 1745 8
1786 1763 3
1787 1718 2
1788 1762 2
1789 1774 1
1790 1699 1
1791 1708 5
1792 1714 8
1793 1698 3
1794 1786 9
1795 1694 9
1796 1702 1
1797 1747 1
1798 1762 9
1799 1755 2
1800 1799 7
1801 1742 7
1802 1772 3
1803 2 10
1804 1672 3
1805 1760 6
1806 1777 7
1807 1731 2
1808 1714 1
1809 2 9
1810 1808 10
1811 1809 6
1812 1742 8
1813 1714 3
1814 1795 2
1815 1782 3
1816 1711 3
1817 1802 7
1818 1743 10
1819 1672 3
1820 1784 3
1821 1797 2
1822 1802 7
1823 1777 7
1824 1775 8
1825 1706 8
1826 1765 3
1827 1675 10
1828 1762 8
1829 1804 1
1830 1720 1
1831 1730 10
1832 1828 10
1833 1770 10
1834 1727 8
1835 1746 6
1836 1722 8
1837 1698 9
1838 1806 10
1839 1758 2
1840 1806 1
1841 1812 8
1842 1738 9
1843 1757 9
1844 1830 2
1845 1677 8
1846 1712 6
1847 1738 2
1848 1718 8
1849 1682 8
1850 1744 2
1851 1681 3
1852 1740 6
1853 1784 6
1854 1841 6
1855 1751 8
1856 1751 3
1857 1688 2
1858 1767 8
1859 1765 7
1860 1781 5
1861 1813 8
1862 1795 2
1863 1797 7
1864 1838 10
1865 1812 2
1866 1792 1
1867 1855 10
1868 1783 6
1869 1866 7
1870 1851 10
1871 1691 7
1872 1834 7
1873 1689 6
1874 1759 9
1875 1840 6
1876 1767 2
1877 1699 6
1878 1824 2
1879 1818 9
1880 1711 9
1881 1720 3
1882 1783 9
1883 1722 5
1884 1841 2
1885 1822 8
1886 1780 3
1887 1720 6
1888 1714 1
1889 1749 9
1890 1679 6
1891 1763 7
1892 1844 1
1893 1823 1
1894 1702 1
1895 1702 9
1896 1804 2
1897 1736 9
1898 1839 10
1899 1798 9
1900 1873 7
1901 1825 7
1902 1735 9
1903 1816 5
1904 1721 9
1905 1801 6
1906 1904 7
1907 1707 3
1908 1746 9
1909 1861 5
1910 1718 10
1911 1854 7
1912 1712 6
1913 1736 9
1914 1723 3
1915 1842 1
1916 1683 3
1917 1902 7
1918 1673 10
1919 1776 5
1920 1783 8
1921 1689 10
1922 1725 5
1923 1821 2
1924 1760 2
1925 1875 8
1926 1807 3
1927 1741 3
1928 1899 8
1929 1891 8
1930 1849 8
1931 1803 7
1932 1767 5
1933 1893 5
1934 1860 6
1935 1773 10
1936 1706 8
1937 1726 1
1938 1687 7
1939 1840 9
1940 1775 9
1941 1904 9
1942 1802 6
1943 1766 7
1944 1708 5
1945 1775 1
1946 1717 9
1947 1910 5
1948 1926 8
1949 1868 2
1950 1672 10
1951 1684 3
1952 1679 6
1953 1743 3
1954 1898 7
1955 1876 8
1956 1710 9
1957 1850 10
1958 1809 7
1959 1866 2
1960 1928 2
1961 1924 2
1962 1695 5
1963 1904 6
1964 1899 3
1965 1707 9
1966 1792 9
1967 1878 9
1968 1832 8
1969 1898 5
1970 1704 2
1971 1772 5
1972 1760 10
1973 1877 8
1974 1909 2
1975 1818 3
1976 1725 9
1977 1679 1
1978 1796 6
1979 1835 10
1980 1720 7
1981 1939 5
1982 1800 5
1983 1688 7
1984 1782 7
1985 1863 6
1986 1906 3
1987 1734 7
1988 1744 9
1989 1861 3
1990 1675 5
1991 1915 9
1992 1704 10
1993 1691 7
1994 1787 6
1995 1975 7
1996 1775 3
1997 1827 1
1998 1777 5
1999 1754 5
2000 1788 9
2001 1697 7
2002 1856 5
2003 1767 2
2004 1730 1
2005 1784 8
2006 1768 10
2007 1767 3
2008 1876 10
2009 1906 2
2010 1739 2
2011 1772 10
2012 1818 9
2013 1857 3
2014 1874 10
2015 1785 1
2016 1748 3
2017 1958 10
2018 1989 10
2019 1953 9
2020 1972 8
2021 2001 9
2022 1704 1
2023 1845 2
2024 1984 1
2025 1836 8
2026 1786 7
2027 2 1
2028 1917 10
2029 2021 9
2030 1776 2
2031 1740 2
2032 1983 6
2033 1916 7
2034 1757 2
2035 1896 9
2036 1911 6
2037 1941 2
2038 1672 5
2039 1814 3
2040 1887 2
2041 1821 6
2042 1933 8
2043 1811 6
2044 1824 3
2045 1715 9
2046 1866 1
2047 1855 1
2048 1794 5
2049 1717 10
2050 1853 3
2051 2009 10
2052 1790 3
2053 1912 8
2054 1970 3
2055 1931 6
2056 1982 7
2057 2049 7
2058 1971 1
2059 1745 3
2060 1892 10
2061 1733 7
2062 1746 8
2063 1724 8
2064 1851 2
2065 1916 10
2066 1994 7
2067 1774 6
2068 1902 3
2069 1928 9
2070 1839 5
2071 1920 2
2072 1898 2
2073 1814 7
2074 1912 1
2075 1976 3
2076 1789 7
2077 1804 1
2078 1961 2
2079 2044 3
2080 2009 6
2081 1896 7
2082 1953 5
2083 1760 3
2084 1730 7
2085 1796 2
2086 2005 6
2087 1863 6
2088 2006 10
2089 1815 9
2090 1865 6
2091 1929 8
2092 1960 3
2093 2028 2
2094 2081 5
2095 1685 9
2096 1774 2
2097 1817 8
2098 2012 6
2099 1868 5
2100 1745 2
2101 1965 10
2102 2077 3
2103 1972 8
2104 2063 9
2105 2033 7
2106 1763 8
2107 1689 3
2108 1928 10
2109 1971 2
2110 1692 5
2111 1809 8
2112 1677 3
2113 1919 3
2114 1867 7
2115 1709 8
2116 2082 7
2117 1952 10
2118 1809 8
2119 1749 10
2120 1860 1
2121 1864 2
2122 1965 9
2123 1858 7
2124 2031 3
2125 2119 5
2126 1996 9
2127 1784 1
2128 2094 5
2129 1896 7
2130 2073 6
2131 1903 9
2132 1765 8
2133 2074 5
2134 2002 3
2135 1996 6
2136 2112 5
2137 2004 5
2138 2 5
2139 2021 1
2140 2011 3
2141 2064 9
2142 1959 6
2143 2060 8
2144 1888 8
2145 2019 1
2146 2055 7
2147 1916 1
2148 1674 8
2149 1725 1
2150 2102 1
2151 1757 3
2152 2015 8
2153 1747 3
2154 2018 6
2155 1915 1
2156 1776 5
2157 1810 8
2158 1731 9
2159 1673 8
2160 2152 3
2161 1682 1
2162 1678 3
2163 2012 1
2164 1712 7
2165 1695 8
2166 1981 10
2167 1989 3
2168 1963 6
2169 1738 3
2170 1822 1
2171 1686 5
2172 2139 7
2173 1976 7
2174 1886 2
2175 2007 10
2176 2014 3
2177 1730 6
2178 1921 8
2179 1706 9
2180 2023 6
2181 2110 6
2182 1828 7
2183 1844 2
2184 2149 3
2185 2068 6
2186 1754 9
2187 2139 10
2188 1860 6
2189 1940 6
2190 2051 5
2191 1677 2
2192 1888 7
2193 2073 7
2194 1674 3
2195 1925 6
2196 1931 8
2197 1984 6
2198 1820 6
2199 2 9
2200 1888 7
2201 2107 1
2202 2062 1
2203 1890 3
2204 2180 8
2205 1721 10
2206 1831 8
2207 2118 7
2208 1727 8
2209 1875 2
2210 2115 3
2211 2068 10
2212 1789 8
2213 2040 7
2214 1720 10
2215 2002 9
2216 1690 7
2217 1760 2
2218 2002 9
2219 1754 6
2220 1863 8
2221 2164 1
2222 1868 7
2223 2181 8
2224 2197 8
2225 1822 2
2226 1987 10
2227 2189 2
2228 2227 8
2229 2057 3
2230 1686 3
2231 2091 5
2232 2091 2
2233 2178 1
2234 1713 9
2235 1772 8
2236 1749 6
2237 2115 10
2238 1782 5
2239 1846 8
2240 2226 3
2241 1954 8
2242 1772 1
2243 2056 2
2244 1848 8
2245 2008 7
2246 1980 3
2247 2065 3
2248 1918 8
2249 1824 9
2250 2192 10
2251 2143 3
2252 2 1
2253 2092 10
2254 2135 5
2255 1995 1
2256 1925 2
2257 2121 3
2258 1799 5
2259 1868 10
2260 1701 10
2261 2195 1
2262 2006 1
2263 1968 8
2264 1855 5
2265 1749 8
2266 1674 7
2267 1843 7
2268 1725 6
2269 1933 5
2270 1947 10
2271 1759 3
2272 2068 8
2273 2001 3
2274 1946 7
2275 2196 1
2276 2027 3
2277 1856 6
2278 2194 9
2279 1971 2
2280 2020 10
2281 1862 5
2282 1901 3
2283 1976 6
2284 2126 6
2285 2257 3
2286 1681 6
2287 1775 6
2288 1942 6
2289 2257 9
2290 2257 5
2291 1830 7
2292 2286 10
2293 1721 6
2294 2132 8
2295 1811 10
2296 1826 5
2297 2230 6
2298 1674 8
2299 2259 8
2300 2272 7
2301 2216 7
2302 2066 10
2303 1855 8
2304 2132 9
2305 1741 5
2306 1747 2
2307 2014 1
2308 1911 9
2309 2213 10
2310 1908 1
2311 1775 2
2312 2164 5
2313 1907 10
2314 2058 10
2315 1786 1
2316 1785 3
2317 2197 8
2318 2272 1
2319 2157 7
2320 1929 6
2321 1944 3
2322 1711 5
2323 2117 8
2324 2239 8
2325 2012 8
2326 1956 8
2327 1677 1
2328 1895 3
2329 1778 1
2330 1823 10
2331 1914 3
2332 2151 9
2333 2162 7
2334 2210 6
2335 1860 7
2336 2194 7
2337 2240 10
2338 2049 6
2339 1994 7
2340 2119 2
2341 2254 5
2342 1796 5
2343 2264 7
2344 1869 10
2345 1673 5
2346 2112 5
2347 1979 9
2348 1722 9
2349 2175 1
2350 2000 7
2351 1990 5
2352 1890 5
2353 1804 2
2354 1846 8
2355 1740 5
2356 2217 2
2357 1983 8
2358 2207 7
2359 1932 5
2360 2243 3
2361 2246 3
2362 2333 10
2363 1717 8
2364 2157 10
2365 2023 9
2366 2212 8
2367 1798 2
2368 1788 7
2369 2177 10
2370 2223 8
2371 2109 1
2372 2087 3
2373 2004 9
2374 2224 7
2375 1779 5
2376 1913 2
2377 2219 1
2378 1805 8
2379 1883 9
2380 1711 6
2381 1864 3
2382 2146 1
2383 2101 10
2384 1674 7
2385 2284 2
2386 2267 8
2387 1807 7
2388 2141 2
2389 1868 8
2390 1753 8
2391 2223 7
2392 1859 5
2393 2349 8
2394 1698 8
2395 2150 10
2396 2291 8
2397 1835 1
2398 2229 9
2399 2191 1
2400 1765 2
2401 1829 6
2402 2357 6
2403 1686 9
2404 2270 7
2405 1770 3
2406 1680 5
2407 2071 9
2408 2352 3
2409 2146 1
2410 2042 9
2411 2125 7
2412 2372 7
2413 2218 5
2414 2090 3
2415 1904 5
2416 1842 7
2417 2335 6
2418 1753 10
2419 2015 7
2420 1799 1
2421 2274 6
2422 2418 6
2423 1809 2
2424 1763 5
2425 1879 5
2426 2280 6
2427 1981 7
2428 1764 2
2429 1764 8
2430 2233 10
2431 1973 1
2432 2311 3
2433 2237 1
2434 2260 6
2435 1980 1
2436 1677 5
2437 2037 10
2438 1784 6
2439 2069 7
2440 1955 8
2441 1902 3
2442 2402 3
2443 2255 7
2444 2192 3
2445 2086 5
2446 1960 5
2447 1751 5
2448 1972 5
2449 2379 5
2450 2147 7
2451 1973 8
2452 2198 7
2453 2055 7
2454 2364 1
2455 1810 10
2456 1816 6
2457 2078 2
2458 2083 6
2459 1693 8
2460 1870 3
2461 1925 7
2462 1811 9
2463 1748 3
2464 1747 8
2465 2182 2
2466 1778 5
2467 1846 1
2468 1732 6
2469 1791 2
2470 2383 3
2471 2167 6
2472 2023 10
2473 2282 10
2474 2310 6
2475 2169 1
2476 1812 6
2477 2456 2
2478 1985 6
2479 2368 7
2480 2379 10
2481 1705 9
2482 1772 2
2483 2194 3
2484 2117 8
2485 1706 3
2486 1701 10
2487 2310 3
2488 2222 7
2489 2448 7
2490 2029 3
2491 2084 9
2492 1751 1
2493 2418 6
2494 2281 5
2495 1897 7
2496 2019 5
2497 2456 1
2498 2428 8
2499 2369 8
2500 2059 9
2501 2210 9
2502 1837 5
2503 2501 2
2504 2464 9
2505 1733 9
2506 3 10
2507 2506 4
2508 2507 3
2509 3 9
2510 2506 1
2511 3 1
2512 3 4
2513 2510 4
2514 2507 4
2515 2514 8
2516 2514 4
2517 2515 5
2518 3 3
2519 2513 4
2520 2515 4
2521 2515 1
2522 2521 9
2523 2513 10
2524 2509 4
2525 2511 6
2526 2524 8
2527 2509 2
2528 2509 9
2529 2506 5
2530 2527 1
2531 2512 3
2532 2515 9
2533 2523 4
2534 2526 8
2535 2529 1
2536 2521 10
2537 2513 1
2538 2525 1
2539 2510 5
2540 2537 8
2541 2519 5
2542 2529 1
2543 2537 6
2544 2539 5
2545 2512 10
2546 2524 6
2547 2524 9
2548 2545 7
2549 2537 2
2550 2509 2
2551 2507 10
2552 2522 8
2553 2519 10
2554 2552 1
2555 2550 2
2556 2549 4
2557 2539 8
2558 2521 4
2559 2553 8
2560 2559 4
2561 2540 10
2562 2548 1
2563 2526 6
2564 2520 2
2565 2538 9
2566 2523 6
2567 2561 3
2568 2546 4
2569 2518 5
2570 2544 2
2571 2556 9
2572 2532 1
2573 2531 6
2574 2519 1
2575 2534 10
2576 2554 8
2577 2515 2
2578 2575 9
2579 2510 7
2580 2553 1
2581 2558 5
2582 2534 4
2583 2553 7
2584 2526 10
2585 2541 10
2586 2521 10
2587 2585 7
2588 2584 2
2589 2517 4
2590 2563 10
2591 2582 2
2592 2515 4
2593 2509 8
2594 2576 9
2595 2580 8
2596 2581 6
2597 2528 9
2598 2541 9
2599 2518 3
2600 2529 8
2601 2585 1
2602 2575 10
2603 2537 10
2604 2546 6
2605 2592 3
2606 2541 5
2607 2564 5
2608 2542 1
2609 2522 7
2610 2543 5
2611 2537 8
2612 2584 5
2613 2608 8
2614 2548 1
2615 2605 3
2616 2588 8
2617 2611 1
2618 2517 2
2619 2555 3
2620 2603 7
2621 2607 8
2622 2508 2
2623 2510 2
2624 2608 7
2625 2540 7
2626 2600 6
2627 2599 8
2628 2589 6
2629 2591 8
2630 2512 8
2631 2618 8
2632 2579 8
2633 2536 5
2634 2562 1
2635 2506 3
2636 2597 2
2637 2581 2
2638 2628 1
2639 2557 4
2640 2551 5
2641 2551 9
2642 2631 1
2643 2637 2
2644 2628 3
2645 2563 7
2646 2590 10
2647 2566 6
2648 2559 10
2649 2635 3
2650 2646 9
2651 2560 5
2652 2543 8
2653 2586 9
2654 2620 3
2655 2546 8
2656 2519 4
2657 2592 10
2658 2530 8
2659 2516 9
2660 2506 7
2661 2623 8
2662 2651 9
2663 2513 6
2664 2555 1
2665 2619 10
2666 2570 6
2667 2536 1
2668 2585 9
2669 2668 7
2670 2578 4
2671 2647 7
2672 2585 8
2673 2518 7
2674 2547 9
2675 2642 6
2676 2628 6
2677 2594 9
2678 2523 5
2679 2571 4
2680 2585 2
2681 2637 7
2682 2640 3
2683 2607 4
2684 2672 8
2685 3 3
2686 2553 1
2687 2685 3
2688 2542 6
2689 2529 7
2690 2567 9
2691 2592 5
2692 2586 9
2693 2612 7
2694 2663 10
2695 2592 8
2696 2582 4
2697 2583 3
2698 2669 7
2699 2515 5
2700 2589 6
2701 2650 7
2702 2647 6
2703 2562 1
2704 2634 6
2705 2701 1
2706 2573 1
2707 2646 10
2708 2698 10
2709 2611 1
2710 2602 9
2711 2525 6
2712 2522 5
2713 2621 1
2714 2592 7
2715 2542 3
2716 2613 10
2717 2569 3
2718 2528 8
2719 2563 5
2720 2555 7
2721 2682 3
2722 2699 4
2723 2579 8
2724 2641 3
2725 2708 5
2726 2645 6
2727 2652 7
2728 2682 4
2729 2706 4
2730 2710 9
2731 2581 6
2732 2515 6
2733 2687 6
2734 2729 5
2735 2653 6
2736 2698 3
2737 2513 7
2738 2595 5
2739 2737 6
2740 2703 1
2741 2531 2
2742 2652 9
2743 2537 7
2744 2553 8
2745 2522 8
2746 2556 7
2747 2637 5
2748 2720 6
2749 2733 6
2750 2514 2
2751 2645 10
2752 2571 4
2753 2642 2
2754 2614 8
2755 2641 6
2756 2548 6
2757 2601 5
2758 2729 6
2759 2756 4
2760 2587 1
2761 2560 4
2762 2551 1
2763 2649 8
2764 2572 5
2765 2732 2
2766 2706 1
2767 2717 2
2768 2566 2
2769 2545 6
2770 2560 3
2771 2568 6
2772 2724 10
2773 2544 4
2774 2732 4
2775 2644 3
2776 2634 10
2777 2669 3
2778 2620 10
2779 2635 2
2780 2654 9
2781 2522 9
2782 2644 3
2783 2583 10
2784 2574 4
2785 2591 5
2786 2682 6
2787 2647 8
2788 2663 4
2789 2527 5
2790 2577 10
2791 2508 1
2792 2737 1
2793 2590 2
2794 2688 2
2795 2700 2
2796 2725 6
2797 2728 9
2798 2625 10
2799 2771 7
2800 2506 5
2801 2530 1
2802 2644 1
2803 2727 3
2804 2570 10
2805 2645 1
2806 2686 3
2807 2511 3
2808 2538 8
2809 2661 2
2810 2712 3
2811 2554 7
2812 2545 7
2813 2681 9
2814 2585 2
2815 2573 1
2816 2750 5
2817 2538 3
2818 2809 4
2819 2752 8
2820 2637 4
2821 2779 6
2822 2806 4
2823 2714 7
2824 2576 5
2825 2758 7
2826 2766 2
2827 2540 8
2828 2615 7
2829 2708 3
2830 2699 7
2831 2781 4
2832 2656 1
2833 2749 7
2834 2818 8
2835 2802 5
2836 2708 7
2837 2564 10
2838 2715 3
2839 2795 9
2840 2511 7
2841 2797 8
2842 2562 10
2843 2768 5
2844 2767 4
2845 2583 2
2846 2628 3
2847 2609 4
2848 2732 1
2849 2630 9
2850 2804 7
2851 2668 6
2852 2526 4
2853 2704 2
2854 2805 6
2855 2776 7
2856 2572 2
2857 2644 5
2858 2591 5
2859 2780 3
2860 2858 7
2861 2757 3
2862 2506 1
2863 2510 6
2864 2854 2
2865 2723 2
2866 2588 10
2867 2728 6
2868 2561 7
2869 2596 10
2870 2614 9
2871 2756 5
2872 2866 4
2873 2831 1
2874 2554 2
2875 2582 10
2876 2748 8
2877 2814 3
2878 2623 6
2879 2517 3
2880 2865 1
2881 2823 6
2882 2812 10
2883 2717 5
2884 2763 8
2885 2806 6
2886 2715 1
2887 2537 5
2888 2551 9
2889 2877 7
2890 2641 8
2891 2596 6
2892 2815 8
2893 2677 6
2894 2700 7
2895 2773 7
2896 2682 2
2897 2805 3
2898 2538 3
2899 2814 8
2900 2808 5
2901 2708 6
2902 2520 1
2903 2531 6
2904 2897 8
2905 2891 3
2906 2819 8
2907 2783 4
2908 2711 10
2909 2814 5
2910 2636 1
2911 2668 5
2912 2813 5
2913 2631 4
2914 2581 3
2915 2898 5
2916 2852 3
2917 2510 10
2918 2859 10
2919 2720 2
2920 2758 9
2921 2674 10
2922 2624 2
2923 2886 6
2924 2758 4
2925 2731 10
2926 2831 9
2927 2613 7
2928 2806 4
2929 2756 9
2930 2748 4
2931 2742 8
2932 2530 6
2933 2518 7
2934 2658 1
2935 2559 9
2936 2619 9
2937 2918 1
2938 2771 8
2939 2596 2
2940 2864 6
2941 2902 2
2942 2908 2
2943 2870 5
2944 2699 5
2945 2815 7
2946 2889 5
2947 2512 5
2948 2879 5
2949 2843 6
2950 2687 8
2951 2675 5
2952 2770 8
2953 2656 1
2954 2907 9
2955 2648 7
2956 2758 6
2957 2848 7
2958 2813 1
2959 2539 2
2960 2530 7
2961 2520 2
2962 2923 9
2963 2958 7
2964 2692 2
2965 2653 8
2966 2909 1
2967 2606 5
2968 2904 10
2969 2540 9
2970 2856 6
2971 2575 6
2972 2834 9
2973 2823 8
2974 2946 10
2975 2528 5
2976 2793 2
2977 2516 3
2978 2798 3
2979 2893 7
2980 2740 3
2981 2847 6
2982 2712 9
2983 2881 5
2984 2616 1
2985 2967 7
2986 2848 8
2987 2747 8
2988 2913 6
2989 2670 10
2990 2862 1
2991 2957 3
2992 2796 3
2993 2725 6
2994 2906 3
2995 2530 5
2996 2831 8
2997 2648 1
2998 2878 1
2999 2911 1
3000 2704 10
3001 2924 2
3002 2707 7
3003 2940 3
3004 2692 4
3005 2776 6
3006 2982 9
3007 2776 6
3008 2791 7
3009 2751 4
3010 2507 4
3011 2522 7
3012 2613 7
3013 2963 5
3014 2595 2
3015 2880 8
3016 2586 4
3017 2827 7
3018 2940 9
3019 2794 8
3020 2855 2
3021 2964 5
3022 2916 3
3023 2906 8
3024 2532 9
3025 2888 4
3026 2893 8
3027 2515 7
3028 2734 1
3029 2812 2
3030 2868 6
3031 2862 2
3032 2572 1
3033 2946 6
3034 2837 8
3035 2958 7
3036 2709 4
3037 2945 8
3038 2577 4
3039 2652 7
3040 2900 5
3041 2648 1
3042 2625 5
3043 2721 10
3044 3008 4
3045 2671 10
3046 2786 2
3047 2687 3
3048 2756 3
3049 2883 1
3050 2885 10
3051 2905 4
3052 2955 7
3053 2800 6
3054 2666 1
3055 2852 3
3056 2545 1
3057 2942 9
3058 2660 4
3059 2964 3
3060 2572 8
3061 3005 6
3062 2524 7
3063 2934 3
3064 2607 10
3065 2947 2
3066 3047 8
3067 2835 1
3068 3012 5
3069 2544 8
3070 2521 9
3071 2992 4
3072 2715 5
3073 3001 5
3074 3017 6
3075 3023 10
3076 2805 10
3077 2872 7
3078 2618 8
3079 2628 6
3080 2763 10
3081 2538 6
3082 2884 10
3083 2561 8
3084 2911 3
3085 2882 9
3086 2697 8
3087 2864 5
3088 2916 1
3089 2614 6
3090 2740 6
3091 3032 10
3092 2754 8
3093 2530 5
3094 2592 3
3095 2744 10
3096 3062 5
3097 2961 10
3098 2985 8
3099 3082 9
3100 2945 9
3101 2806 8
3102 2813 8
3103 2520 3
3104 3010 2
3105 2597 10
3106 3105 8
3107 2730 2
3108 3048 5
3109 2877 5
3110 3074 6
3111 2610 2
3112 2856 2
3113 2740 9
3114 2538 8
3115 3028 6
3116 3089 8
3117 2964 6
3118 2828 3
3119 2820 3
3120 2767 6
3121 3027 9
3122 2620 6
3123 2777 2
3124 3070 6
3125 2574 1
3126 2822 2
3127 2843 9
3128 2548 3
3129 2924 1
3130 3075 9
3131 2515 9
3132 2618 4
3133 2917 4
3134 2834 1
3135 2557 2
3136 2918 7
3137 2673 4
3138 2591 7
3139 3048 4
3140 2862 9
3141 2989 5
3142 2974 3
3143 3043 8
3144 2976 1
3145 2546 9
3146 2634 3
3147 2856 4
3148 2753 2
3149 3039 5
3150 3000 5
3151 2565 6
3152 2581 3
3153 2670 3
3154 2833 6
3155 2558 1
3156 3072 3
3157 2731 4
3158 2736 3
3159 2740 5
3160 2660 4
3161 2597 3
3162 2865 3
3163 2537 7
3164 3082 2
3165 2613 6
3166 2546 3
3167 2618 2
3168 3061 7
3169 2548 3
3170 2843 10
3171 3139 6
3172 2899 1
3173 2586 8
3174 2784 8
3175 2962 1
3176 2805 4
3177 3132 1
3178 2822 5
3179 3140 10
3180 2635 9
3181 3074 2
3182 3036 3
3183 2740 3
3184 2709 9
3185 3159 8
3186 3134 5
3187 2725 9
3188 2518 5
3189 3080 7
3190 2868 5
3191 3174 9
3192 2690 1
3193 3084 1
3194 2651 5
3195 2960 9
3196 2785 10
3197 2797 3
3198 2962 9
3199 3072 5
3200 2654 2
3201 2540 10
3202 2696 8
3203 2927 8
3204 2907 5
3205 3140 2
3206 3120 10
3207 2638 10
3208 3039 3
3209 3091 6
3210 2964 2
3211 2801 7
3212 3106 3
3213 2673 1
3214 3033 1
3215 2772 3
3216 3162 4
3217 2930 10
3218 2606 2
3219 3000 4
3220 2605 7
3221 3183 6
3222 2908 9
3223 3014 7
3224 2573 10
3225 2747 10
3226 2877 9
3227 3135 1
3228 3145 9
3229 2878 7
3230 3017 6
3231 3132 9
3232 3222 1
3233 2810 1
3234 2845 7
3235 2901 2
3236 3042 6
3237 3235 6
3238 2614 4
3239 2648 7
3240 2745 6
3241 2874 10
3242 2909 10
3243 2876 2
3244 3027 10
3245 3222 3
3246 2838 2
3247 2645 1
3248 3023 2
3249 2661 6
3250 2697 2
3251 3186 2
3252 2735 9
3253 2980 7
3254 2983 10
3255 3050 3
3256 3109 6
3257 3012 8
3258 3075 10
3259 3153 6
3260 2511 3
3261 2617 2
3262 2756 6
3263 3256 2
3264 3048 4
3265 3134 4
3266 2783 2
3267 2715 10
3268 2735 1
3269 3080 8
3270 3002 3
3271 2557 8
3272 3097 1
3273 3037 1
3274 2971 3
3275 2659 7
3276 3272 7
3277 2849 5
3278 2887 4
3279 2641 3
3280 3118 6
3281 3171 3
3282 3163 7
3283 2792 7
3284 3018 7
3285 2806 3
3286 2703 2
3287 3148 4
3288 3039 1
3289 2889 2
3290 3207 8
3291 2754 6
3292 3051 6
3293 3234 7
3294 3167 6
3295 2654 3
3296 2950 1
3297 3092 3
3298 2858 3
3299 2965 8
3300 3235 7
3301 2882 3
3302 2757 4
3303 2768 1
3304 2716 7
3305 3072 1
3306 3166 9
3307 2577 8
3308 3258 2
3309 3263 4
3310 2591 9
3311 3191 2
3312 3059 3
3313 2997 1
3314 2905 2
3315 2559 9
3316 2566 10
3317 3221 8
3318 2928 9
3319 2749 3
3320 3224 4
3321 3249 8
3322 2656 4
3323 3034 5
3324 3088 9
3325 2704 3
3326 2805 8
3327 2798 1
3328 3226 10
3329 3108 6
3330 2919 10
3331 2539 4
3332 2937 4
3333 3270 6
3334 2895 9
3335 2853 9
3336 2961 2
3337 2970 5
3338 2713 4
3339 4 5
3340 4 5
3341 3340 2
3342 3339 9
3343 3340 6
3344 3339 9
3345 3340 1
3346 3343 8
3347 3342 8
3348 3339 2
3349 3348 7
3350 3343 6
3351 3346 9
3352 3347 6
3353 3343 2
3354 3350 7
3355 3347 4
3356 3341 1
3357 3348 4
3358 3344 4
3359 3344 4
3360 3339 2
3361 3346 9
3362 3339 6
3363 3353 5
3364 4 6
3365 3356 6
3366 3348 7
3367 3363 7
3368 3339 7
3369 3342 8
3370 3340 8
3371 3342 4
3372 3344 10
3373 3360 6
3374 3345 6
3375 3371 3
3376 3370 9
3377 3373 5
3378 3343 5
3379 3370 2
3380 3359 7
3381 3350 1
3382 3349 1
3383 3372 10
3384 3372 3
3385 3346 2
3386 3347 4
3387 3365 1
3388 3342 9
3389 3366 10
3390 3346 9
3391 3368 2
3392 3339 9
3393 3379 2
3394 3383 4
3395 3372 7
3396 3375 9
3397 3377 8
3398 3377 9
3399 3373 1
3400 3351 8
3401 3386 1
3402 3348 3
3403 3402 1
3404 3366 3
3405 3401 10
3406 3341 6
3407 3397 9
3408 3388 9
3409 3355 7
3410 3374 7
3411 3398 8
3412 3401 7
3413 3360 5
3414 3387 9
3415 3353 1
3416 3353 6
3417 3344 10
3418 3375 6
3419 3414 4
3420 3378 9
3421 3381 8
3422 3416 3
3423 3416 9
3424 3345 7
3425 3398 2
3426 3392 7
3427 3354 10
3428 3371 10
3429 3352 4
3430 3352 9
3431 3408 5
3432 3377 2
3433 3413 5
3434 3342 2
3435 3412 3
3436 3410 6
3437 3377 3
3438 3365 7
3439 3342 8
3440 3396 5
3441 3353 8
3442 3397 8
3443 3391 1
3444 3432 7
3445 3417 8
3446 3369 2
3447 3392 6
3448 3389 8
3449 3445 7
3450 3366 4
3451 3422 8
3452 3441 9
3453 3440 7
3454 3357 3
3455 3378 6
3456 3385 1
3457 3412 10
3458 3426 1
3459 3451 7
3460 3410 10
3461 3406 4
3462 3387 10
3463 3405 4
3464 3385 1
3465 3406 9
3466 3363 7
3467 3362 3
3468 3340 8
3469 3372 1
3470 3373 4
3471 3346 6
3472 3349 3
3473 3354 3
3474 3389 6
3475 3409 8
3476 3447 8
3477 3436 2
3478 3424 4
3479 3377 5
3480 3384 2
3481 3401 6
3482 3351 2
3483 3351 2
3484 3353 7
3485 3446 3
3486 3437 8
3487 3398 10
3488 3363 8
3489 3396 7
3490 3445 6
3491 3389 5
3492 3476 3
3493 3405 6
3494 3353 9
3495 3484 2
3496 3491 3
3497 3438 2
3498 3464 1
3499 3427 4
3500 3455 4
3501 3405 7
3502 3418 4
3503 3499 6
3504 3362 3
3505 3482 10
3506 3348 4
3507 3440 8
3508 3409 3
3509 3369 7
3510 3427 7
3511 3446 3
3512 3444 10
3513 3363 9
3514 3341 9
3515 3410 6
3516 3393 2
3517 3345 2
3518 3346 3
3519 3501 10
3520 3515 7
3521 3341 7
3522 3508 5
3523 3402 5
3524 3478 6
3525 3454 4
3526 3440 9
3527 3477 7
3528 3467 2
3529 3524 4
3530 3491 5
3531 3501 8
3532 3507 10
3533 3397 3
3534 3486 3
3535 3456 3
3536 3377 6
3537 3474 7
3538 3393 4
3539 3428 7
3540 3465 5
3541 3382 2
3542 3454 4
3543 3414 10
3544 3379 10
3545 3497 10
3546 3370 4
3547 3473 5
3548 3359 8
3549 3353 8
3550 3539 6
3551 3481 6
3552 3355 5
3553 3528 4
3554 3507 8
3555 3481 1
3556 3526 6
3557 3514 6
3558 3544 7
3559 3372 8
3560 3445 9
3561 3430 6
3562 3547 6
3563 3416 4
3564 3356 9
3565 3549 2
3566 3531 8
3567 3345 10
3568 3467 10
3569 3536 7
3570 3439 2
3571 3532 4
3572 3486 8
3573 3382 8
3574 3509 7
3575 3531 10
3576 3492 3
3577 3395 9
3578 3521 4
3579 4 6
3580 3426 9
3581 3491 3
3582 3360 7
3583 3445 8
3584 3351 3
3585 3520 9
3586 3397 2
3587 3573 3
3588 3526 9
3589 3417 3
3590 3379 5
3591 3529 7
3592 3503 7
3593 3343 8
3594 3431 5
3595 3510 10
3596 3547 8
3597 3582 5
3598 3442 2
3599 3484 6
3600 3431 4
3601 3356 2
3602 3542 4
3603 3396 2
3604 3437 8
3605 3453 10
3606 3597 4
3607 3468 10
3608 3420 6
3609 3528 4
3610 3421 1
3611 3417 10
3612 3512 9
3613 3564 1
3614 3346 4
3615 3436 5
3616 3598 10
3617 3552 2
3618 3426 3
3619 3544 10
3620 3507 3
3621 3412 1
3622 3443 5
3623 3350 7
3624 3530 4
3625 3456 8
3626 3424 2
3627 3542 6
3628 3608 1
3629 3559 8
3630 3609 7
3631 3451 9
3632 3362 2
3633 3409 5
3634 3463 1
3635 3369 9
3636 3479 8
3637 3480 10
3638 3400 4
3639 3545 2
3640 3520 6
3641 3477 5
3642 3565 7
3643 3566 4
3644 3535 6
3645 3516 3
3646 3581 3
3647 3530 5
3648 3585 6
3649 3439 7
3650 3534 10
3651 3589 4
3652 3350 2
3653 3434 7
3654 3524 3
3655 3355 3
3656 3355 9
3657 3597 9
3658 3523 2
3659 3528 3
3660 3656 2
3661 3660 7
3662 3563 7
3663 3615 5
3664 3376 1
3665 3582 3
3666 3559 3
3667 3535 10
3668 3460 6
3669 3490 9
3670 3372 1
3671 3666 3
3672 3451 6
3673 3551 4
3674 3411 6
3675 3446 10
3676 3452 1
3677 3443 10
3678 3479 8
3679 3609 7
3680 3339 4
3681 3589 1
3682 3667 8
3683 3561 7
3684 3683 4
3685 3422 5
3686 3340 9
3687 3418 9
3688 3383 5
3689 3429 3
3690 3669 2
3691 3568 3
3692 3361 2
3693 3556 1
3694 3545 10
3695 3417 6
3696 3386 1
3697 3561 8
3698 3364 4
3699 3675 4
3700 3499 1
3701 3509 1
3702 3517 6
3703 3470 1
3704 3560 8
3705 3379 4
3706 3565 5
3707 3488 6
3708 3700 3
3709 3435 8
3710 3644 6
3711 3605 4
3712 3602 2
3713 3434 8
3714 3419 6
3715 3558 2
3716 3389 10
3717 3476 3
3718 3504 5
3719 3715 8
3720 3583 1
3721 3623 4
3722 3528 9
3723 3525 7
3724 3393 2
3725 3544 8
3726 3492 4
3727 3483 10
3728 3635 4
3729 3411 6
3730 3343 1
3731 3394 4
3732 3660 2
3733 3700 7
3734 3625 10
3735 3491 4
3736 3405 10
3737 3504 10
3738 3647 9
3739 3472 10
3740 3651 8
3741 3375 8
3742 3660 8
3743 3466 7
3744 3348 8
3745 3465 3
3746 3349 4
3747 3580 5
3748 3413 5
3749 3526 1
3750 3521 3
3751 3354 4
3752 3361 7
3753 3537 1
3754 3697 1
3755 3535 9
3756 3625 4
3757 3500 8
3758 3543 3
3759 3572 7
3760 3435 4
3761 3724 7
3762 3446 7
3763 3667 1
3764 3670 2
3765 3517 6
3766 3454 6
3767 3341 1
3768 3727 10
3769 3497 9
3770 3356 2
3771 3632 3
3772 3617 2
3773 3494 9
3774 3531 4
3775 3694 4
3776 3488 2
3777 3459 6
3778 3340 3
3779 3618 9
3780 3559 6
3781 3350 1
3782 3636 3
3783 3423 6
3784 3530 4
3785 3659 3
3786 3429 7
3787 3628 4
3788 3691 2
3789 3378 5
3790 3661 5
3791 3645 3
3792 3424 7
3793 3570 8
3794 3767 10
3795 3495 8
3796 3577 7
3797 3652 3
3798 3496 7
3799 3605 5
3800 3437 8
3801 3448 8
3802 3709 8
3803 3727 1
3804 3525 10
3805 3614 8
3806 3493 3
3807 3585 9
3808 3608 3
3809 3808 2
3810 3451 8
3811 3458 2
3812 3707 5
3813 3352 3
3814 3786 3
3815 3711 3
3816 3635 3
3817 3812 7
3818 3391 9
3819 3455 2
3820 3771 1
3821 3678 5
3822 3616 6
3823 3658 3
3824 3457 8
3825 3765 5
3826 3583 10
3827 3477 5
3828 3727 10
3829 3665 2
3830 3694 7
3831 3693 2
3832 3631 9
3833 3754 1
3834 3661 8
3835 3834 5
3836 3575 6
3837 3636 7
3838 3763 2
3839 3658 5
3840 3410 3
3841 3596 1
3842 3839 6
3843 3348 7
3844 3466 6
3845 3384 4
3846 3478 5
3847 3441 5
3848 3798 4
3849 3670 7
3850 3623 2
3851 3850 3
3852 3831 2
3853 3757 5
3854 3836 6
3855 3521 5
3856 3645 9
3857 3526 3
3858 3716 6
3859 3800 7
3860 3577 3
3861 3460 6
3862 3477 9
3863 3543 9
3864 3858 2
3865 3678 10
3866 3592 9
3867 3474 7
3868 3837 10
3869 3470 4
3870 3773 8
3871 3513 5
3872 3834 10
3873 3603 4
3874 3469 10
3875 3871 10
3876 3799 7
3877 3448 1
3878 3637 4
3879 3537 1
3880 3857 1
3881 3649 6
3882 3519 1
3883 3436 6
3884 3815 5
3885 3433 4
3886 3499 1
3887 3743 7
3888 3824 10
3889 3414 4
3890 3488 8
3891 3685 1
3892 3727 5
3893 3450 6
3894 3375 7
3895 3608 4
3896 3584 10
3897 3492 10
3898 3722 6
3899 3676 3
3900 3422 5
3901 3560 9
3902 3551 4
3903 3472 5
3904 3361 10
3905 3508 10
3906 3351 3
3907 3651 3
3908 3630 4
3909 3890 10
3910 3342 1
3911 3676 2
3912 3888 3
3913 3410 9
3914 3479 10
3915 3765 6
3916 3771 7
3917 3400 2
3918 3762 1
3919 3766 9
3920 3419 4
3921 3530 7
3922 3491 6
3923 3608 8
3924 3909 7
3925 3385 4
3926 3796 2
3927 3881 5
3928 3346 7
3929 3483 7
3930 3568 3
3931 3804 2
3932 3672 10
3933 3750 5
3934 3439 2
3935 3615 7
3936 3827 9
3937 3566 3
3938 3831 1
3939 3371 5
3940 3440 1
3941 3719 3
3942 3546 10
3943 3597 4
3944 3394 6
3945 3522 5
3946 3522 9
3947 3588 6
3948 3351 5
3949 3948 1
3950 3779 5
3951 3415 3
3952 3777 10
3953 3746 4
3954 3685 2
3955 3935 3
3956 3481 8
3957 3483 1
3958 3379 2
3959 3670 6
3960 3913 1
3961 3697 8
3962 3492 2
3963 3764 9
3964 3473 2
3965 3377 1
3966 3369 7
3967 3666 1
3968 3910 7
3969 3765 4
3970 3782 7
3971 3795 6
3972 3721 10
3973 3384 7
3974 3446 8
3975 3651 9
3976 3914 6
3977 3831 9
3978 3507 4
3979 3871 8
3980 3626 3
3981 3509 1
3982 3898 8
3983 3546 1
3984 3745 2
3985 3587 7
3986 3665 10
3987 3940 8
3988 3555 1
3989 3918 8
3990 3954 5
3991 3658 7
3992 3756 10
3993 3801 6
3994 3360 9
3995 3580 4
3996 3809 4
3997 3995 1
3998 3525 3
3999 3625 10
4000 3623 3
4001 3479 7
4002 3348 4
4003 3983 1
4004 3474 5
4005 3709 7
4006 3782 1
4007 3628 10
4008 3352 5
4009 3819 6
4010 3924 5
4011 3838 3
4012 3603 9
4013 3356 9
4014 3938 1
4015 3596 3
4016 3679 3
4017 3419 2
4018 4005 5
4019 3944 4
4020 3912 1
4021 3866 6
4022 3653 1
4023 3847 9
4024 3690 10
4025 3578 4
4026 3663 8
4027 3852 7
4028 3462 9
4029 3663 3
4030 3573 9
4031 3942 10
4032 3732 9
4033 3938 5
4034 3685 3
4035 3515 9
4036 3476 7
4037 3817 8
4038 3590 2
4039 3389 9
4040 3422 5
4041 3372 4
4042 3369 1
4043 3468 4
4044 3629 4
4045 3845 9
4046 3731 3
4047 3879 3
4048 3433 6
4049 3369 8
4050 3551 10
4051 3791 4
4052 3452 8
4053 4037 4
4054 3356 5
4055 3851 1
4056 3410 2
4057 3863 1
4058 3797 9
4059 3961 2
4060 3592 6
4061 3382 6
4062 3552 10
4063 3475 5
4064 3789 6
4065 3482 9
4066 3717 5
4067 3588 4
4068 3640 1
4069 3918 3
4070 3474 4
4071 3463 4
4072 4009 7
4073 4048 3
4074 3815 4
4075 3360 4
4076 3633 8
4077 3776 3
4078 3384 4
4079 4074 10
4080 3652 9
4081 3678 7
4082 3419 5
4083 3878 4
4084 3607 6
4085 3570 5
4086 3418 8
4087 3828 1
4088 3840 8
4089 3773 10
4090 3724 10
4091 4056 4
4092 3567 2
4093 3853 2
4094 3527 3
4095 3413 1
4096 4091 6
4097 3377 3
4098 3755 1
4099 3786 6
4100 3864 4
4101 3726 1
4102 3785 1
4103 3759 1
4104 3828 3
4105 3809 10
4106 3418 10
4107 3565 7
4108 3571 7
4109 3837 9
4110 3375 3
4111 3347 2
4112 3702 3
4113 4097 4
4114 3416 1
4115 3848 4
4116 3920 2
4117 3840 2
4118 3888 1
4119 4104 6
4120 4075 7
4121 3449 3
4122 4044 2
4123 3602 2
4124 3937 1
4125 3421 4
4126 4004 6
4127 3981 7
4128 3718 1
4129 4015 8
4130 3654 10
4131 3901 5
4132 3505 5
4133 3627 10
4134 3936 9
4135 3805 2
4136 3804 2
4137 4121 1
4138 3853 10
4139 4 6
4140 3980 6
4141 3676 5
4142 3713 8
4143 4141 4
4144 3642 7
4145 3498 2
4146 3830 6
4147 3411 1
4148 3662 10
4149 4025 7
4150 4009 1
4151 4045 6
4152 3661 4
4153 3615 1
4154 4071 10
4155 4074 7
4156 4037 2
4157 4048 8
4158 3373 7
4159 3698 5
4160 3409 3
4161 3584 4
4162 4055 3
4163 3447 8
4164 3562 9
4165 3366 4
4166 4046 9
4167 4070 7
4168 3427 5
4169 3632 2
4170 3554 1
4171 3622 1
4172 5 6
4173 5 2
4174 5 2
4175 4172 3
4176 4172 3
4177 5 1
4178 4175 10
4179 4176 9
4180 4175 9
4181 4179 2
4182 4174 6
4183 4173 7
4184 4182 10
4185 4172 9
4186 4173 7
4187 4176 6
4188 5 1
4189 4176 7
4190 4174 6
4191 4185 6
4192 4183 1
4193 4174 7
4194 4175 6
4195 4192 5
4196 4172 5
4197 4191 6
4198 5 5
4199 4188 2
4200 4190 3
4201 4198 9
4202 4172 8
4203 4184 1
4204 4202 3
4205 4195 5
4206 4175 2
4207 4197 1
4208 4197 6
4209 4204 7
4210 4193 10
4211 4204 10
4212 4176 7
4213 4190 2
4214 4200 8
4215 4188 5
4216 4183 3
4217 4187 7
4218 4208 10
4219 4183 10
4220 4202 8
4221 4203 8
4222 4196 8
4223 4209 10
4224 4188 3
4225 4221 8
4226 4180 1
4227 4196 8
4228 4200 1
4229 4181 1
4230 4193 7
4231 5 3
4232 4227 3
4233 4202 1
4234 4193 7
4235 4231 2
4236 4220 5
4237 4207 3
4238 4193 1
4239 4207 1
4240 4194 7
4241 4191 6
4242 4203 6
4243 4202 3
4244 4211 10
4245 4209 9
4246 4207 2
4247 4237 7
4248 4231 8
4249 4177 3
4250 4230 9
4251 4231 9
4252 4199 9
4253 4223 10
4254 4236 3
4255 4196 2
4256 4207 8
4257 4198 8
4258 4248 8
4259 4178 2
4260 4250 1
4261 4207 5
4262 4189 2
4263 4194 3
4264 4244 3
4265 4212 10
4266 4196 10
4267 4241 7
4268 4208 1
4269 4215 9
4270 4188 8
4271 4262 9
4272 4213 5
4273 4244 1
4274 4259 10
4275 4232 9
4276 4246 7
4277 4172 7
4278 4268 7
4279 4264 1
4280 4181 5
4281 4272 2
4282 4244 6
4283 4219 6
4284 4182 5
4285 4217 7
4286 4179 9
4287 4250 1
4288 4235 1
4289 4234 6
4290 5 2
4291 4204 8
4292 4213 7
4293 4178 8
4294 4174 7
4295 4246 8
4296 4262 1
4297 4203 8
4298 4219 8
4299 4203 7
4300 4245 5
4301 4216 1
4302 4274 5
4303 4253 7
4304 4181 3
4305 4216 6
4306 4181 2
4307 4260 5
4308 4216 6
4309 4224 2
4310 4249 10
4311 4276 5
4312 4264 6
4313 4251 7
4314 4294 7
4315 4307 2
4316 4211 8
4317 4175 9
4318 4198 1
4319 4310 6
4320 4231 3
4321 4292 10
4322 4291 8
4323 4273 8
4324 4188 5
4325 4199 8
4326 4186 8
4327 4189 5
4328 4202 9
4329 4239 2
4330 4220 10
4331 4253 3
4332 4203 8
4333 4172 10
4334 4174 10
4335 4299 2
4336 4189 1
4337 4298 6
4338 4315 1
4339 4276 3
4340 4227 5
4341 4227 3
4342 4188 6
4343 4259 6
4344 4244 1
4345 4186 9
4346 4210 10
4347 4205 10
4348 4274 1
4349 4247 7
4350 4312 9
4351 4205 10
4352 4284 7
4353 5 5
4354 4294 7
4355 4302 9
4356 4319 2
4357 4208 8
4358 4186 8
4359 4314 9
4360 4323 10
4361 4272 5
4362 4199 8
4363 4227 5
4364 4309 7
4365 4323 8
4366 4292 9
4367 4172 8
4368 4224 10
4369 4327 7
4370 4283 7
4371 4281 8
4372 4187 9
4373 4319 7
4374 4316 1
4375 4307 5
4376 4194 1
4377 4356 10
4378 4278 7
4379 4215 10
4380 4369 7
4381 4230 1
4382 4365 1
4383 4228 7
4384 4286 10
4385 4305 10
4386 4190 6
4387 4321 10
4388 4348 2
4389 4344 9
4390 4235 8
4391 4339 9
4392 4301 6
4393 4341 3
4394 4289 7
4395 4333 3
4396 4354 5
4397 4316 2
4398 4362 6
4399 4344 10
4400 4221 8
4401 4247 8
4402 4222 9
4403 4189 2
4404 4295 5
4405 4393 7
4406 4317 3
4407 4341 1
4408 4199 7
4409 4402 10
4410 4295 3
4411 4220 1
4412 4235 6
4413 4253 2
4414 4321 7
4415 4231 9
4416 4264 6
4417 4390 10
4418 4245 5
4419 4284 3
4420 4280 6
4421 4340 8
4422 4259 7
4423 4251 1
4424 4319 10
4425 4178 9
4426 4368 9
4427 4426 8
4428 4387 9
4429 4272 7
4430 4367 2
4431 4380 3
4432 4259 9
4433 4375 7
4434 4337 7
4435 4289 9
4436 4412 9
4437 4345 3
4438 4204 1
4439 4358 2
4440 4269 10
4441 4368 8
4442 4346 6
4443 4404 3
4444 4397 2
4445 4300 8
4446 4389 7
4447 4399 9
4448 4263 3
4449 4270 2
4450 4434 8
4451 4338 6
4452 4335 2
4453 4193 9
4454 4378 8
4455 4290 2
4456 4208 10
4457 4247 8
4458 4334 9
4459 4399 7
4460 4342 10
4461 4412 9
4462 4207 1
4463 4367 7
4464 4327 10
4465 4270 5
4466 4293 5
4467 4410 5
4468 4190 3
4469 4299 8
4470 4382 6
4471 4317 9
4472 4199 9
4473 4381 9
4474 4265 7
4475 4201 3
4476 4202 5
4477 4300 6
4478 4451 5
4479 4225 2
4480 4197 7
4481 4421 9
4482 4188 7
4483 4179 5
4484 4304 1
4485 4358 5
4486 4232 8
4487 4204 10
4488 4239 3
4489 4320 5
4490 4184 7
4491 4185 5
4492 4274 7
4493 4333 8
4494 4491 5
4495 4479 8
4496 4461 7
4497 4321 9
4498 4287 6
4499 4327 3
4500 4354 5
4501 4364 1
4502 4482 7
4503 4224 2
4504 4471 1
4505 4252 1
4506 4305 10
4507 4358 6
4508 4399 5
4509 4296 2
4510 4322 1
4511 4196 10
4512 4399 3
4513 4376 8
4514 4262 6
4515 4486 6
4516 4374 8
4517 4469 1
4518 4266 8
4519 4379 6
4520 4326 5
4521 4172 1
4522 4219 6
4523 4203 1
4524 4214 10
4525 4306 2
4526 4261 7
4527 4464 7
4528 4190 5
4529 4483 3
4530 4481 7
4531 4403 7
4532 4499 2
4533 4393 1
4534 4310 9
4535 4474 2
4536 4388 10
4537 4483 5
4538 4265 8
4539 4204 9
4540 4281 10
4541 4446 9
4542 4251 2
4543 4310 2
4544 4512 5
4545 4225 9
4546 4234 5
4547 4266 7
4548 4232 10
4549 4500 2
4550 4444 8
4551 4485 9
4552 4345 9
4553 4496 6
4554 4448 8
4555 4259 8
4556 4440 1
4557 4249 2
4558 4417 8
4559 4397 7
4560 4305 2
4561 4478 1
4562 4340 5
4563 4514 10
4564 4336 2
4565 4212 6
4566 4264 9
4567 4244 2
4568 4267 8
4569 4219 9
4570 4227 9
4571 4174 5
4572 4506 3
4573 4487 7
4574 4209 9
4575 4561 9
4576 4210 1
4577 4382 9
4578 4536 3
4579 4408 9
4580 4310 2
4581 4410 3
4582 4368 7
4583 4349 2
4584 4214 3
4585 4184 9
4586 4368 2
4587 4408 9
4588 4278 10
4589 4564 1
4590 4321 1
4591 4384 1
4592 4294 9
4593 4210 7
4594 4427 8
4595 4575 1
4596 4429 9
4597 4390 10
4598 4380 10
4599 4247 5
4600 4579 1
4601 4412 10
4602 4533 5
4603 4521 9
4604 4345 9
4605 4281 6
4606 4277 3
4607 4406 9
4608 4544 5
4609 4174 7
4610 4174 5
4611 4383 10
4612 4504 1
4613 4389 10
4614 4203 2
4615 4344 1
4616 4297 8
4617 4408 9
4618 4397 6
4619 4466 10
4620 4359 7
4621 4372 10
4622 4320 1
4623 4501 10
4624 4529 1
4625 4463 7
4626 4423 6
4627 4544 2
4628 4570 3
4629 4609 10
4630 4499 6
4631 4178 1
4632 4415 6
4633 4531 6
4634 4326 1
4635 4209 3
4636 4390 5
4637 4571 6
4638 4558 1
4639 4208 10
4640 4459 9
4641 4579 2
4642 4448 6
4643 4583 2
4644 4432 1
4645 4446 9
4646 4484 6
4647 4526 2
4648 4523 10
4649 4556 9
4650 4462 3
4651 4357 3
4652 4644 5
4653 4323 10
4654 4518 7
4655 4499 1
4656 4213 5
4657 4489 7
4658 4238 9
4659 4370 8
4660 4471 9
4661 4619 8
4662 4352 3
4663 4364 7
4664 4463 2
4665 4330 5
4666 4232 6
4667 4451 2
4668 4367 5
4669 4253 7
4670 4237 6
4671 4267 9
4672 4518 6
4673 4621 5
4674 4269 3
4675 4513 10
4676 4636 2
4677 4448 8
4678 4368 8
4679 4655 3
4680 4657 1
4681 4494 2
4682 4311 8
4683 4366 6
4684 4627 10
4685 4536 6
4686 4372 9
4687 4572 2
4688 4311 8
4689 4473 6
4690 4469 6
4691 4429 3
4692 4198 2
4693 4367 3
4694 4334 8
4695 4565 8
4696 4571 9
4697 4459 8
4698 4367 1
4699 4403 10
4700 4502 6
4701 4609 6
4702 4662 10
4703 4631 5
4704 4308 1
4705 4534 6
4706 4692 7
4707 4550 1
4708 4220 3
4709 4438 7
4710 4197 2
4711 4471 7
4712 4434 10
4713 4653 5
4714 4663 3
4715 4369 2
4716 4472 5
4717 4594 1
4718 4494 7
4719 4471 2
4720 4430 9
4721 4267 9
4722 4273 3
4723 4391 3
4724 4400 3
4725 4676 3
4726 4343 9
4727 4650 3
4728 4542 1
4729 4493 3
4730 4459 10
4731 4312 3
4732 4218 7
4733 4565 8
4734 4636 6
4735 4541 7
4736 4467 2
4737 4588 2
4738 4637 9
4739 4177 9
4740 4450 6
4741 4724 3
4742 4240 8
4743 4195 9
4744 4209 2
4745 4175 8
4746 4216 9
4747 4219 8
4748 4522 1
4749 4454 1
4750 4578 6
4751 4436 6
4752 4179 7
4753 4186 10
4754 4549 9
4755 4681 10
4756 4597 1
4757 4721 9
4758 4606 9
4759 4314 6
4760 4188 10
4761 4188 8
4762 4336 2
4763 4289 8
4764 4172 1
4765 4656 1
4766 4739 2
4767 4220 3
4768 4305 10
4769 4349 1
4770 4555 6
4771 4515 3
4772 4176 7
4773 4687 8
4774 4595 7
4775 4732 6
4776 4646 1
4777 4582 6
4778 4645 3
4779 4373 7
4780 4295 3
4781 4421 1
4782 4274 10
4783 4275 5
4784 4579 2
4785 4219 9
4786 4454 8
4787 4337 9
4788 4390 10
4789 4572 3
4790 4575 5
4791 4583 5
4792 4421 5
4793 4548 3
4794 4722 1
4795 4288 5
4796 4222 6
4797 4784 6
4798 4523 5
4799 4315 3
4800 4620 7
4801 4772 5
4802 4444 1
4803 4520 2
4804 4373 9
4805 4422 5
4806 4711 3
4807 4694 3
4808 4270 6
4809 4493 1
4810 4561 5
4811 4188 9
4812 4480 3
4813 4332 8
4814 4729 1
4815 4463 2
4816 4688 7
4817 4741 10
4818 4386 3
4819 4816 3
4820 4227 10
4821 4795 10
4822 4769 7
4823 4500 5
4824 4380 7
4825 4756 2
4826 4362 2
4827 4690 5
4828 4762 1
4829 4350 7
4830 4565 7
4831 4666 10
4832 4549 1
4833 4801 5
4834 4799 8
4835 4281 2
4836 4648 6
4837 4702 9
4838 4593 7
4839 4834 2
4840 4549 5
4841 4350 2
4842 4254 3
4843 4753 2
4844 4373 10
4845 4238 8
4846 4362 8
4847 4240 6
4848 4502 8
4849 4182 6
4850 4373 7
4851 4758 5
4852 4576 10
4853 4666 7
4854 4420 5
4855 4381 9
4856 4560 9
4857 4235 6
4858 4704 9
4859 4499 3
4860 4758 10
4861 4487 7
4862 4775 5
4863 4423 10
4864 4858 10
4865 4750 7
4866 4655 1
4867 4722 6
4868 4689 7
4869 4691 7
4870 4847 10
4871 4697 9
4872 4857 7
4873 4804 2
4874 4539 9
4875 4730 2
4876 4282 3
4877 4844 7
4878 4266 7
4879 4421 9
4880 4784 3
4881 4254 8
4882 4820 9
4883 4664 1
4884 4208 9
4885 4182 5
4886 4569 3
4887 4185 7
4888 4250 10
4889 4786 6
4890 4800 2
4891 4803 10
4892 4702 1
4893 4659 8
4894 4388 5
4895 4538 10
4896 4292 10
4897 4816 7
4898 4189 9
4899 4739 6
4900 4879 1
4901 4235 5
4902 4284 7
4903 4817 9
4904 4413 8
4905 4677 1
4906 4279 5
4907 4476 5
4908 4548 5
4909 4294 5
4910 4884 2
4911 4245 10
4912 4710 2
4913 4806 2
4914 4486 6
4915 4907 2
4916 4866 9
4917 4775 7
4918 4496 3
4919 4846 9
4920 4717 6
4921 4720 7
4922 4431 8
4923 4606 10
4924 4852 10
4925 4584 3
4926 4397 1
4927 4255 2
4928 4319 8
4929 4757 3
4930 4462 2
4931 4432 2
4932 4880 8
4933 4412 7
4934 4805 10
4935 4698 2
4936 4457 10
4937 4752 7
4938 4333 1
4939 4312 10
4940 4186 1
4941 4554 3
4942 4881 8
4943 4354 10
4944 4221 6
4945 4772 10
4946 4910 10
4947 4259 9
4948 4939 8
4949 4443 3
4950 4408 1
4951 4619 8
4952 4657 2
4953 4523 7
4954 4338 10
4955 4364 3
4956 4463 3
4957 4689 5
4958 4723 7
4959 4601 3
4960 4474 10
4961 4590 8
4962 4475 10
4963 4829 7
4964 4763 7
4965 4585 2
4966 4341 8
4967 4839 5
4968 4910 7
4969 4279 7
4970 4784 3
4971 4739 5
4972 4819 1
4973 4220 1
4974 4451 3
4975 4468 6
4976 4514 9
4977 4503 1
4978 4497 9
4979 4358 6
4980 4791 1
4981 4759 5
4982 4303 7
4983 4402 9
4984 4686 9
4985 4873 2
4986 4957 2
4987 4472 9
4988 4692 5
4989 4936 7
4990 4867 2
4991 4754 3
4992 4181 3
4993 4213 5
4994 4668 3
4995 4568 3
4996 4209 8
4997 4910 9
4998 4494 5
4999 4692 2
5000 4796 9
5001 4699 3
5002 4601 10
5003 4220 5
5004 5003 6
5005 4620 8
