100 0 2
101 0 9
102 0 2
103 101 5
104 101 7
105 101 6
106 102 4
107 0 1
108 100 9
109 0 2
110 104 9
111 108 1
112 101 2
113 100 7
114 107 7
115 0 4
116 107 9
117 106 3
118 102 9
119 112 9
120 103 4
121 119 7
122 103 7
123 113 9
124 113 4
125 100 9
126 125 4
127 115 2
128 123 8
129 102 6
130 107 9
131 113 4
132 113 7
133 125 6
134 117 5
135 104 2
136 109 5
137 121 4
138 122 3
139 127 9
140 0 4
141 138 6
142 120 5
143 121 8
144 118 5
145 108 6
146 102 9
147 102 5
148 141 6
149 133 6
150 1 2
151 150 9
152 1 9
153 150 2
154 1 5
155 154 8
156 154 2
157 156 6
158 1 6
159 150 6
160 153 7
161 158 2
162 154 3
163 162 6
164 155 3
165 151 8
166 154 1
167 166 4
168 165 9
169 163 6
170 1 9
171 158 5
172 153 9
173 168 6
174 151 9
175 170 6
176 153 6
177 150 5
178 169 1
179 177 8
180 178 3
181 166 5
182 154 2
183 162 5
184 154 3
185 184 1
186 178 4
187 178 9
188 184 4
189 163 8
190 169 8
191 154 1
192 174 9
193 192 4
194 161 1
195 152 6
196 154 8
197 151 3
198 180 3
199 155 9
200 2 9
201 200 3
202 200 6
203 2 7
204 202 3
205 201 3
206 2 4
207 205 3
208 203 9
209 207 4
210 200 8
211 204 3
212 205 2
213 208 5
214 202 8
215 206 8
216 212 1
217 201 9
218 2 5
219 218 7
220 200 2
221 202 6
222 200 3
223 2 3
224 217 3
225 224 4
226 200 1
227 203 1
228 208 1
229 211 4
230 2 7
231 217 2
232 222 4
233 200 4
234 216 8
235 233 6
236 206 8
237 228 2
238 217 5
239 201 1
240 202 9
241 238 2
242 211 8
243 235 5
244 203 9
245 208 3
246 227 2
247 246 7
248 229 2
249 204 9
250 3 5
251 3 6
252 250 9
253 252 8
254 251 7
255 253 6
256 252 3
257 250 4
258 255 1
259 250 9
260 254 8
261 250 4
262 255 2
263 250 5
264 3 9
265 263 9
266 251 3
267 257 6
268 250 3
269 251 3
270 252 7
271 267 5
272 3 5
273 271 5
274 253 5
275 270 4
276 268 2
277 3 1
278 273 1
279 268 3
280 253 9
281 265 8
282 279 7
283 263 1
284 276 5
285 3 7
286 272 5
287 3 3
288 254 1
289 265 5
290 283 7
291 267 5
292 281 7
293 252 9
294 271 8
295 267 3
296 279 9
297 258 6
298 269 2
299 280 8
300 4 9
301 4 7
302 301 5
303 302 3
304 300 1
305 304 9
306 304 6
307 301 4
308 301 8
309 301 9
310 307 9
311 4 7
312 308 1
313 308 4
314 301 6
315 303 6
316 301 5
317 302 2
318 300 2
319 315 8
320 309 6
321 302 6
322 314 4
323 303 4
324 316 2
325 310 9
326 316 4
327 321 3
328 316 3
329 302 3
330 322 2
331 330 9
332 327 3
333 301 4
334 321 3
335 331 2
336 323 4
337 314 9
338 336 6
339 313 4
340 300 1
341 332 1
342 300 8
343 310 8
344 317 5
345 305 3
346 329 5
347 324 4
348 313 9
349 346 4
350 5 9
351 5 2
352 351 9
353 350 3
354 5 3
355 350 4
356 355 7
357 352 8
358 355 5
359 354 3
360 358 4
361 351 3
362 361 5
363 355 4
364 363 5
365 353 6
366 356 6
367 359 4
368 356 8
369 352 3
370 361 8
371 366 7
372 352 6
373 365 7
374 373 8
375 353 1
376 356 4
377 351 9
378 369 8
379 372 9
380 5 9
381 359 8
382 5 1
383 354 9
384 365 4
385 380 3
386 373 3
387 385 8
388 371 8
389 350 2
390 366 6
391 382 6
392 384 5
393 360 1
394 368 4
395 368 1
396 371 5
397 374 1
398 358 7
399 372 7
400 6 5
401 6 6
402 401 2
403 402 8
404 402 8
405 400 2
406 401 1
407 403 9
408 401 5
409 6 9
410 6 2
411 409 7
412 403 8
413 407 4
414 405 4
415 409 7
416 411 8
417 412 4
418 403 2
419 406 6
420 416 3
421 404 3
422 400 2
423 400 4
424 406 8
425 422 8
426 402 2
427 402 8
428 417 5
429 419 4
430 427 6
431 421 1
432 430 1
433 410 1
434 408 8
435 400 7
436 413 1
437 429 1
438 427 9
439 415 3
440 425 7
441 404 6
442 401 6
443 407 1
444 428 8
445 403 9
446 417 3
447 428 7
448 442 1
449 407 9
450 7 5
451 7 5
452 450 5
453 452 2
454 452 2
455 454 4
456 453 5
457 456 2
458 452 5
459 452 5
460 458 2
461 458 4
462 451 2
463 454 8
464 454 2
465 455 8
466 455 1
467 455 7
468 458 9
469 456 7
470 465 3
471 461 2
472 460 5
473 452 1
474 459 2
475 450 7
476 466 1
477 455 1
478 453 4
479 462 2
480 460 6
481 460 3
482 455 2
483 470 6
484 473 2
485 474 3
486 462 4
487 461 2
488 458 4
489 462 3
490 479 9
491 463 5
492 486 9
493 492 9
494 460 6
495 466 3
496 469 4
497 456 2
498 472 9
499 451 8
500 8 3
501 500 1
502 8 1
503 500 9
504 501 5
505 504 9
506 501 9
507 506 2
508 506 9
509 502 5
510 507 9
511 501 7
512 505 3
513 8 5
514 504 5
515 503 7
516 504 2
517 510 4
518 500 4
519 507 1
520 508 7
521 503 2
522 515 4
523 519 1
524 502 8
525 500 6
526 513 6
527 521 2
528 507 5
529 8 8
530 502 3
531 514 4
532 501 4
533 518 4
534 531 8
535 526 3
536 505 6
537 506 5
538 506 9
539 532 9
540 509 6
541 530 6
542 518 3
543 521 6
544 526 7
545 520 8
546 519 6
547 523 1
548 514 7
549 518 7
550 9 3
551 550 7
552 551 3
553 9 4
554 550 1
555 550 8
556 552 5
557 556 4
558 557 1
559 557 4
560 556 5
561 552 9
562 553 4
563 553 2
564 555 9
565 562 6
566 563 2
567 555 5
568 554 4
569 567 8
570 560 6
571 567 4
572 9 8
573 552 8
574 570 8
575 557 3
576 558 6
577 565 9
578 566 1
579 577 7
580 574 3
581 572 2
582 551 4
583 554 2
584 583 2
585 573 1
586 573 8
587 557 7
588 583 2
589 576 8
590 557 9
591 556 8
592 554 8
593 560 4
594 583 2
595 566 6
596 560 8
597 586 8
598 559 9
599 581 1
600 10 7
601 10 6
602 601 9
603 600 9
604 600 8
605 10 5
606 601 7
607 606 7
608 607 3
609 607 8
610 602 2
611 601 1
612 605 9
613 607 5
614 605 9
615 10 3
616 612 2
617 609 8
618 615 2
619 614 3
620 606 3
621 607 2
622 621 9
623 603 9
624 601 6
625 623 6
626 608 6
627 600 8
628 612 9
629 616 3
630 10 2
631 600 6
632 601 5
633 629 4
634 604 4
635 612 7
636 634 3
637 629 5
638 621 4
639 627 5
640 604 6
641 612 9
642 632 2
643 619 1
644 602 9
645 626 4
646 642 1
647 620 8
648 619 4
649 641 1
650 11 4
651 650 2
652 651 3
653 11 9
654 653 8
655 650 9
656 651 4
657 654 4
658 651 8
659 654 6
660 658 9
661 650 9
662 661 4
663 661 7
664 653 6
665 655 2
666 658 8
667 665 1
668 655 3
669 662 3
670 669 7
671 654 6
672 653 5
673 651 8
674 662 2
675 662 2
676 656 8
677 662 7
678 677 3
679 676 9
680 663 3
681 671 5
682 663 5
683 682 3
684 655 9
685 669 1
686 656 9
687 664 2
688 686 9
689 664 8
690 659 2
691 653 3
692 682 3
693 666 2
694 657 6
695 665 6
696 672 1
697 655 9
698 666 2
699 667 2
700 12 6
701 12 6
702 701 7
703 701 3
704 12 9
705 12 8
706 705 4
707 703 8
708 12 2
709 700 1
710 707 6
711 710 6
712 708 6
713 700 1
714 707 3
715 711 7
716 701 6
717 704 3
718 700 9
719 707 9
720 717 8
721 720 3
722 711 9
723 719 8
724 703 3
725 703 6
726 708 9
727 715 4
728 711 4
729 710 6
730 713 6
731 12 9
732 726 6
733 728 2
734 724 5
735 713 6
736 718 7
737 733 2
738 711 9
739 720 5
740 714 6
741 721 6
742 712 2
743 714 7
744 724 3
745 723 8
746 706 7
747 700 5
748 727 2
749 707 4
750 13 6
751 13 7
752 751 4
753 751 9
754 13 1
755 752 6
756 752 1
757 13 3
758 752 8
759 757 8
760 756 6
761 760 6
762 761 8
763 13 6
764 751 6
765 756 2
766 760 2
767 756 2
768 762 4
769 767 5
770 767 4
771 764 4
772 764 4
773 756 2
774 750 2
775 757 3
776 774 7
777 771 7
778 764 3
779 776 6
780 13 1
781 767 7
782 777 8
783 778 1
784 763 9
785 776 8
786 770 5
787 768 9
788 777 2
789 773 3
790 753 7
791 765 9
792 769 8
793 772 5
794 768 7
795 750 8
796 768 8
797 778 9
798 779 3
799 782 6
800 14 2
801 800 2
802 801 4
803 801 7
804 803 5
805 803 2
806 803 6
807 805 6
808 802 8
809 807 7
810 804 5
811 802 2
812 811 9
813 812 3
814 812 8
815 811 5
816 808 8
817 811 7
818 807 3
819 804 1
820 806 3
821 807 8
822 800 6
823 819 7
824 814 4
825 817 1
826 822 8
827 807 2
828 808 9
829 811 1
830 829 7
831 807 4
832 807 6
833 822 7
834 814 7
835 821 9
836 820 2
837 832 6
838 818 3
839 804 3
840 808 1
841 831 4
842 802 8
843 832 1
844 835 9
845 826 3
846 807 4
847 822 3
848 843 6
849 825 2
850 15 6
851 850 7
852 850 2
853 850 7
854 850 8
855 852 9
856 854 7
857 856 7
858 853 6
859 850 8
860 851 4
861 851 6
862 15 7
863 856 4
864 850 6
865 862 3
866 850 2
867 863 8
868 867 1
869 867 1
870 858 8
871 851 8
872 861 4
873 862 2
874 859 1
875 868 1
876 865 4
877 863 7
878 863 7
879 869 7
880 854 2
881 863 5
882 855 7
883 871 7
884 867 8
885 877 5
886 855 8
887 883 8
888 880 9
889 855 2
890 863 5
891 888 1
892 881 3
893 851 2
894 878 9
895 862 3
896 873 5
897 882 3
898 861 5
899 876 1
900 16 4
901 900 3
902 901 1
903 901 3
904 16 3
905 900 9
906 16 1
907 903 6
908 901 4
909 16 8
910 907 7
911 901 3
912 904 1
913 906 5
914 900 6
915 909 7
916 913 6
917 912 8
918 901 3
919 911 6
920 916 7
921 906 5
922 918 2
923 916 8
924 901 5
925 924 8
926 913 5
927 917 2
928 918 2
929 908 7
930 915 6
931 927 5
932 906 6
933 927 3
934 912 4
935 921 9
936 907 3
937 906 5
938 932 1
939 926 9
940 936 2
941 938 1
942 923 3
943 934 1
944 935 8
945 926 4
946 917 2
947 937 8
948 945 1
949 906 7
950 17 5
951 17 1
952 950 7
953 17 4
954 950 6
955 953 3
956 953 9
957 950 9
958 955 3
959 950 3
960 959 7
961 954 1
962 952 2
963 954 7
964 953 6
965 17 2
966 951 4
967 961 9
968 963 6
969 960 2
970 17 9
971 953 1
972 963 9
973 953 5
974 953 8
975 959 7
976 967 3
977 957 9
978 951 4
979 960 8
980 17 1
981 961 9
982 17 2
983 962 5
984 958 6
985 950 9
986 979 1
987 976 7
988 976 8
989 17 4
990 984 4
991 969 7
992 969 1
993 987 5
994 988 5
995 950 9
996 994 6
997 966 9
998 972 8
999 992 4
1000 18 6
1001 18 4
1002 18 7
1003 1001 4
1004 18 9
1005 1001 1
1006 1001 2
1007 18 4
1008 1000 8
1009 1005 9
1010 1001 1
1011 1003 6
1012 1006 2
1013 1009 3
1014 1003 8
1015 1005 6
1016 1013 1
1017 1000 4
1018 1002 6
1019 1017 5
1020 1015 9
1021 1019 7
1022 1016 3
1023 1001 1
1024 1018 8
1025 1016 7
1026 1009 6
1027 1002 9
1028 1024 3
1029 1018 2
1030 1008 7
1031 1012 9
1032 1030 4
1033 1025 9
1034 1032 9
1035 1030 7
1036 1000 9
1037 1036 5
1038 1015 5
1039 1006 1
1040 1034 5
1041 1031 1
1042 1020 7
1043 1022 9
1044 1016 1
1045 1025 5
1046 1024 5
1047 1033 1
1048 1004 4
1049 1000 5
1050 19 2
1051 19 8
1052 1051 7
1053 1052 4
1054 1051 7
1055 1051 7
1056 1052 1
1057 1056 3
1058 1057 9
1059 1055 9
1060 1052 2
1061 1060 9
1062 1061 2
1063 1057 8
1064 1060 6
1065 1060 9
1066 1052 3
1067 1053 1
1068 1057 7
1069 1063 7
1070 1054 1
1071 1054 1
1072 1063 5
1073 1072 9
1074 1070 7
1075 1068 6
1076 1068 6
1077 19 3
1078 1061 5
1079 1070 4
1080 1057 5
1081 1056 4
1082 1050 7
1083 1082 3
1084 1068 8
1085 1055 7
1086 1078 8
1087 1082 7
1088 1084 6
1089 1076 5
1090 1086 8
1091 1089 4
1092 1054 2
1093 1069 9
1094 1054 6
1095 1091 3
1096 1067 3
1097 1072 9
1098 1055 7
1099 1052 1
1100 20 1
1101 1100 3
1102 1100 5
1103 20 3
1104 1102 6
1105 1101 4
1106 1105 4
1107 1106 3
1108 1101 8
1109 1104 3
1110 1109 4
1111 1100 4
1112 1111 6
1113 1106 2
1114 1102 2
1115 20 2
1116 1108 7
1117 1114 7
1118 1110 2
1119 1116 7
1120 1109 7
1121 1111 1
1122 1108 7
1123 1112 1
1124 1100 8
1125 1114 1
1126 1117 4
1127 1124 3
1128 1113 6
1129 1106 8
1130 1129 4
1131 1114 4
1132 1113 8
1133 1125 9
1134 1131 7
1135 1104 8
1136 1111 4
1137 1104 8
1138 1130 2
1139 1135 1
1140 1103 6
1141 1127 3
1142 1141 9
1143 1113 4
1144 1143 7
1145 1140 4
1146 1134 6
1147 1129 5
1148 1125 8
1149 1128 3
1150 21 6
1151 1150 7
1152 21 7
1153 1152 4
1154 1153 1
1155 1152 1
1156 1155 9
1157 1153 1
1158 1151 4
1159 1153 6
1160 1154 2
1161 1150 6
1162 1160 9
1163 1150 9
1164 1157 7
1165 1162 1
1166 1164 4
1167 21 3
1168 1160 8
1169 1163 1
1170 1159 5
1171 1159 8
1172 1165 5
1173 1169 3
1174 1160 7
1175 1173 9
1176 1161 2
1177 1157 4
1178 1151 8
1179 1172 5
1180 1151 4
1181 1150 4
1182 1169 2
1183 1153 2
1184 1175 4
1185 1184 6
1186 1150 6
1187 1160 8
1188 1180 5
1189 1164 2
1190 1172 8
1191 1167 7
1192 1190 3
1193 1161 5
1194 1182 1
1195 1158 8
1196 1182 2
1197 1195 5
1198 1178 7
1199 1175 4
1200 22 2
1201 22 8
1202 1200 5
1203 1202 3
1204 1203 1
1205 1203 5
1206 1205 2
1207 1200 9
1208 1202 1
1209 1204 7
1210 1209 3
1211 1201 8
1212 1200 5
1213 1203 8
1214 1204 8
1215 1209 9
1216 1212 5
1217 1215 8
1218 1209 9
1219 1218 9
1220 1203 2
1221 1217 3
1222 1211 7
1223 1200 8
1224 1212 6
1225 1210 3
1226 1212 8
1227 1219 2
1228 1226 8
1229 1224 6
1230 1222 4
1231 1218 5
1232 1206 7
1233 1231 9
1234 1203 8
1235 1223 2
1236 1200 5
1237 1227 5
1238 1226 2
1239 1238 5
1240 1207 4
1241 1207 6
1242 1222 6
1243 1218 5
1244 1220 4
1245 1208 5
1246 1212 4
1247 1203 6
1248 1205 6
1249 1224 1
1250 23 7
1251 23 7
1252 23 5
1253 1251 9
1254 1252 9
1255 23 5
1256 1250 8
1257 1250 1
1258 23 5
1259 1258 7
1260 1257 8
1261 1258 9
1262 1251 1
1263 1250 8
1264 1256 5
1265 1258 8
1266 1254 5
1267 1264 5
1268 1265 9
1269 1262 5
1270 1263 1
1271 1264 1
1272 1262 2
1273 1251 3
1274 1262 4
1275 1264 8
1276 1261 2
1277 1252 9
1278 1262 5
1279 1257 4
1280 1267 6
1281 1265 3
1282 1271 3
1283 1278 3
1284 1251 8
1285 1250 8
1286 1256 4
1287 1277 4
1288 1257 9
1289 1265 7
1290 23 2
1291 1258 4
1292 1254 9
1293 1255 8
1294 1292 2
1295 1270 5
1296 1269 3
1297 1288 2
1298 1275 1
1299 1265 7
1300 24 1
1301 24 9
1302 1300 5
1303 1302 3
1304 24 6
1305 1300 3
1306 1300 5
1307 24 8
1308 1302 6
1309 1303 2
1310 1307 7
1311 1306 2
1312 24 3
1313 24 6
1314 1300 4
1315 1307 7
1316 1306 5
1317 1312 4
1318 1305 8
1319 1307 4
1320 1314 1
1321 24 4
1322 1315 5
1323 1304 3
1324 1315 3
1325 1305 5
1326 1305 5
1327 1304 1
1328 1318 7
1329 24 5
1330 1320 2
1331 1320 1
1332 1306 6
1333 1330 5
1334 1333 7
1335 1330 7
1336 1316 9
1337 1330 3
1338 1301 9
1339 1322 4
1340 1318 3
1341 1313 4
1342 1339 2
1343 1316 3
1344 1341 1
1345 1336 6
1346 1329 1
1347 1318 8
1348 1313 5
1349 1325 8
1350 25 2
1351 25 2
1352 1351 7
1353 1351 8
1354 1351 6
1355 1351 1
1356 1350 6
1357 1356 4
1358 1352 8
1359 1350 5
1360 1350 3
1361 25 2
1362 1354 9
1363 1361 9
1364 1358 4
1365 1351 4
1366 1364 8
1367 1351 7
1368 1366 4
1369 1361 4
1370 1365 1
1371 1358 3
1372 1370 4
1373 1369 6
1374 1369 3
1375 1370 8
1376 1353 5
1377 1369 4
1378 1356 6
1379 1358 4
1380 1379 8
1381 1352 2
1382 1376 5
1383 1368 9
1384 1380 3
1385 1361 8
1386 1378 3
1387 1386 3
1388 1357 5
1389 1373 2
1390 1383 4
1391 1372 8
1392 1351 2
1393 1375 1
1394 1382 6
1395 1393 6
1396 1380 1
1397 1351 5
1398 1394 7
1399 1369 7
1400 26 7
1401 1400 4
1402 1401 6
1403 1401 8
1404 1400 1
1405 1403 8
1406 1403 1
1407 1404 4
1408 26 7
1409 1407 7
1410 1402 8
1411 1401 6
1412 1404 6
1413 1403 8
1414 1401 8
1415 1403 7
1416 1412 2
1417 26 5
1418 26 1
1419 1404 6
1420 1406 5
1421 1411 6
1422 1410 5
1423 1419 2
1424 1401 2
1425 1411 8
1426 1412 9
1427 1411 9
1428 1400 8
1429 1405 1
1430 1420 1
1431 1400 4
1432 1414 5
1433 1432 7
1434 1428 3
1435 1433 9
1436 1403 4
1437 1424 4
1438 1425 3
1439 1422 9
1440 1423 2
1441 1421 4
1442 1408 3
1443 1436 4
1444 1417 1
1445 1404 9
1446 1443 2
1447 1428 8
1448 1434 9
1449 1405 7
1450 27 1
1451 27 8
1452 1451 8
1453 1452 8
1454 1451 7
1455 1454 7
1456 1453 8
1457 1456 1
1458 1454 7
1459 1458 6
1460 1450 9
1461 1456 6
1462 1453 2
1463 1450 1
1464 1459 8
1465 1453 9
1466 1452 6
1467 1457 2
1468 1450 6
1469 1455 1
1470 1468 2
1471 1454 4
1472 1466 7
1473 1460 6
1474 1453 2
1475 1474 3
1476 1460 4
1477 1456 9
1478 1450 1
1479 1458 9
1480 1450 6
1481 1465 2
1482 1474 2
1483 1481 2
1484 1481 4
1485 1468 4
1486 1485 4
1487 1454 5
1488 27 3
1489 1474 4
1490 1484 9
1491 1465 4
1492 1471 4
1493 1473 4
1494 1486 2
1495 1479 4
1496 1455 1
1497 1457 1
1498 1471 9
1499 1467 6
1500 28 9
1501 1500 3
1502 28 8
1503 28 1
1504 1503 9
1505 28 4
1506 1505 9
1507 1504 7
1508 1504 2
1509 1508 9
1510 1509 3
1511 1506 3
1512 1507 8
1513 1506 6
1514 28 3
1515 1511 1
1516 1514 1
1517 1500 6
1518 1515 8
1519 1502 9
1520 1512 7
1521 1505 5
1522 1519 9
1523 1501 6
1524 1523 7
1525 1506 5
1526 1521 4
1527 1516 6
1528 1505 1
1529 1528 2
1530 28 2
1531 1525 2
1532 1506 7
1533 1525 3
1534 1523 3
1535 1513 2
1536 1518 1
1537 1506 2
1538 1514 6
1539 1524 4
1540 1514 9
1541 1508 8
1542 1539 9
1543 1524 4
1544 1536 6
1545 1513 2
1546 1503 5
1547 1526 5
1548 1545 6
1549 1519 3
1550 29 7
1551 1550 8
1552 1550 9
1553 1552 4
1554 1550 6
1555 1552 7
1556 1552 9
1557 1555 6
1558 1554 3
1559 1553 1
1560 1559 2
1561 1559 7
1562 1559 2
1563 1550 6
1564 1562 5
1565 1552 8
1566 1554 4
1567 29 6
1568 1554 4
1569 1550 6
1570 1565 1
1571 1565 4
1572 1570 7
1573 1557 1
1574 1550 3
1575 1556 4
1576 1556 8
1577 1571 8
1578 1573 4
1579 1553 5
1580 1568 4
1581 1577 6
1582 1571 5
1583 29 2
1584 1565 6
1585 1555 1
1586 1567 5
1587 1582 5
1588 1569 6
1589 1557 7
1590 1572 2
1591 1578 5
1592 1566 6
1593 1552 8
1594 1593 9
1595 29 8
1596 1587 7
1597 1576 8
1598 1595 7
1599 1592 2
1600 30 7
1601 1600 1
1602 1600 3
1603 1600 6
1604 1603 9
1605 1601 3
1606 1605 9
1607 1606 7
1608 1601 6
1609 1605 6
1610 1606 5
1611 1605 5
1612 1603 6
1613 1603 8
1614 1603 6
1615 1600 9
1616 1604 7
1617 1615 5
1618 1601 4
1619 1614 2
1620 1603 8
1621 1615 4
1622 1615 9
1623 1602 7
1624 1617 8
1625 1609 4
1626 1620 5
1627 1604 5
1628 1601 8
1629 1628 1
1630 1624 1
1631 1614 2
1632 30 8
1633 1605 5
1634 1609 4
1635 1600 6
1636 1631 7
1637 1621 5
1638 1636 9
1639 1621 2
1640 1609 5
1641 1605 9
1642 1600 3
1643 1631 5
1644 1609 9
1645 1627 9
1646 1628 2
1647 1612 4
1648 30 2
1649 1600 8
1650 31 5
1651 1650 9
1652 31 1
1653 1651 4
1654 1651 6
1655 31 4
1656 1651 6
1657 1654 3
1658 1650 5
1659 1653 4
1660 1655 9
1661 1658 4
1662 1654 3
1663 31 8
1664 1657 2
1665 1659 7
1666 31 1
1667 1663 1
1668 1650 2
1669 1650 6
1670 1650 1
1671 1669 2
1672 1651 1
1673 1658 7
1674 1665 7
1675 1651 8
1676 1672 1
1677 1652 4
1678 1658 2
1679 1653 9
1680 1653 9
1681 1658 8
1682 1658 3
1683 1650 6
1684 1681 1
1685 1651 2
1686 1670 8
1687 1668 8
1688 1653 5
1689 1657 4
1690 1666 6
1691 1652 5
1692 1687 8
1693 1653 2
1694 1676 5
1695 1671 9
1696 1683 5
1697 1688 5
1698 1684 8
1699 1687 8
1700 32 1
1701 32 6
1702 32 7
1703 1700 9
1704 32 8
1705 1702 3
1706 1701 2
1707 1706 4
1708 1705 3
1709 1708 4
1710 1702 3
1711 1701 2
1712 1702 6
1713 1711 2
1714 1709 1
1715 1707 7
1716 1703 9
1717 1708 6
1718 1717 7
1719 1711 3
1720 1711 3
1721 1711 9
1722 1712 7
1723 1702 5
1724 1718 2
1725 1717 7
1726 1715 6
1727 1706 6
1728 1718 6
1729 1701 3
1730 1718 8
1731 1715 7
1732 1700 1
1733 1700 9
1734 1711 8
1735 1732 1
1736 1727 4
1737 1715 8
1738 1701 1
1739 1725 1
1740 1705 1
1741 32 7
1742 1724 9
1743 1717 9
1744 1730 4
1745 1739 2
1746 1700 3
1747 1714 3
1748 1721 5
1749 1731 6
1750 33 9
1751 33 8
1752 1750 1
1753 1750 2
1754 33 5
1755 1752 4
1756 1753 4
1757 1750 1
1758 33 7
1759 1751 4
1760 1759 5
1761 1760 1
1762 33 6
1763 1761 1
1764 1760 9
1765 1763 2
1766 1765 7
1767 1753 8
1768 1762 7
1769 33 8
1770 1767 1
1771 1751 8
1772 1756 4
1773 1757 4
1774 1759 9
1775 1750 6
1776 1762 5
1777 33 8
1778 1775 7
1779 1751 6
1780 1763 7
1781 1764 1
1782 1773 9
1783 1756 1
1784 1781 8
1785 1775 4
1786 1757 3
1787 1755 6
1788 1751 1
1789 1773 9
1790 1759 8
1791 1757 3
1792 1762 7
1793 1767 8
1794 1771 4
1795 1791 3
1796 1789 9
1797 1753 8
1798 1774 4
1799 1784 2
1800 34 6
1801 34 9
1802 1800 7
1803 1801 9
1804 34 7
1805 1800 4
1806 1804 4
1807 1802 7
1808 1806 3
1809 1806 4
1810 34 4
1811 1809 2
1812 1803 5
1813 34 3
1814 1806 5
1815 1807 9
1816 1805 8
1817 1816 5
1818 1817 7
1819 1813 1
1820 34 9
1821 1802 2
1822 1811 1
1823 1822 7
1824 1813 1
1825 1819 6
1826 1823 3
1827 1820 4
1828 1809 1
1829 1818 1
1830 1809 6
1831 1829 5
1832 1812 9
1833 1825 2
1834 1815 4
1835 1821 9
1836 1804 3
1837 1824 9
1838 1821 2
1839 1805 4
1840 1816 4
1841 1805 1
1842 1801 6
1843 1802 2
1844 1818 8
1845 1829 1
1846 1845 9
1847 1838 2
1848 1823 4
1849 1813 9
1850 35 5
1851 35 6
1852 35 6
1853 1852 2
1854 1852 9
1855 1854 4
1856 1853 7
1857 35 2
1858 1856 9
1859 1854 3
1860 1854 1
1861 1858 9
1862 35 7
1863 1860 1
1864 1861 4
1865 1863 1
1866 1854 3
1867 1857 9
1868 1862 4
1869 1860 6
1870 1854 8
1871 1856 8
1872 1854 8
1873 1867 7
1874 1862 3
1875 1861 2
1876 1862 5
1877 1854 4
1878 1868 2
1879 1872 5
1880 1873 5
1881 1867 6
1882 1855 4
1883 1850 5
1884 1878 1
1885 1874 7
1886 1857 2
1887 1885 7
1888 1865 9
1889 1869 6
1890 1876 9
1891 1852 4
1892 1852 4
1893 1869 8
1894 1883 1
1895 1889 2
1896 1867 3
1897 1860 9
1898 1884 7
1899 1867 2
1900 36 7
1901 1900 9
1902 36 4
1903 36 4
1904 1903 6
1905 1901 1
1906 1905 2
1907 1902 2
1908 1900 6
1909 1908 6
1910 1904 3
1911 36 4
1912 1902 3
1913 1908 9
1914 1901 4
1915 1914 6
1916 1904 1
1917 1903 4
1918 1901 7
1919 1917 3
1920 1914 2
1921 1910 7
1922 1912 3
1923 1906 3
1924 1921 8
1925 1908 5
1926 1918 1
1927 1911 3
1928 1919 9
1929 1915 2
1930 1919 2
1931 1912 7
1932 1907 2
1933 1910 5
1934 1903 6
1935 1925 5
1936 1903 2
1937 1906 3
1938 1920 3
1939 1905 1
1940 1926 7
1941 1929 1
1942 1916 1
1943 36 9
1944 1933 6
1945 1939 9
1946 1907 8
1947 1946 3
1948 1917 1
1949 1945 4
1950 37 5
1951 37 7
1952 1950 7
1953 1952 4
1954 1950 9
1955 1953 3
1956 37 3
1957 1950 4
1958 1957 2
1959 1957 6
1960 1958 4
1961 1951 7
1962 37 4
1963 1962 5
1964 37 1
1965 1960 8
1966 1957 8
1967 1956 5
1968 1957 1
1969 1951 9
1970 1951 7
1971 1956 6
1972 1951 6
1973 1969 6
1974 1968 9
1975 1963 8
1976 1956 6
1977 1976 9
1978 1968 7
1979 1964 2
1980 1952 9
1981 1971 4
1982 1968 9
1983 1956 4
1984 1974 6
1985 1972 3
1986 1983 8
1987 1956 4
1988 1978 3
1989 1969 5
1990 37 6
1991 1958 5
1992 1957 1
1993 1965 9
1994 1956 3
1995 1983 8
1996 1960 4
1997 1982 5
1998 1982 1
1999 1977 6
2000 38 2
2001 38 4
2002 38 6
2003 38 3
2004 2003 6
2005 2000 8
2006 2002 9
2007 2006 6
2008 2001 6
2009 2008 9
2010 2003 6
2011 2006 6
2012 2004 2
2013 2006 2
2014 2001 3
2015 2008 2
2016 2012 8
2017 2014 5
2018 2007 1
2019 2014 6
2020 2009 9
2021 2018 8
2022 2011 5
2023 2011 7
2024 2019 9
2025 2007 8
2026 2019 2
2027 2020 5
2028 2019 3
2029 2000 5
2030 2002 8
2031 38 2
2032 2002 5
2033 2003 5
2034 2012 9
2035 2019 1
2036 2001 7
2037 2007 3
2038 2018 3
2039 2020 4
2040 2020 3
2041 2009 9
2042 2019 7
2043 2012 2
2044 2026 3
2045 2023 7
2046 2029 1
2047 2002 4
2048 2007 3
2049 2007 3
2050 39 9
2051 39 6
2052 2050 4
2053 2050 7
2054 39 8
2055 2052 1
2056 2051 1
2057 2053 9
2058 2052 9
2059 2055 7
2060 2058 7
2061 2051 6
2062 2056 1
2063 2061 4
2064 2062 3
2065 2054 8
2066 2056 5
2067 2050 3
2068 2062 6
2069 2053 7
2070 2061 4
2071 39 4
2072 2061 6
2073 2061 9
2074 2052 7
2075 2068 4
2076 2062 1
2077 2068 8
2078 2053 1
2079 2068 1
2080 2070 4
2081 2076 5
2082 2060 3
2083 2055 1
2084 2064 9
2085 2066 7
2086 2056 5
2087 2078 3
2088 2057 1
2089 2062 9
2090 39 4
2091 2056 1
2092 2067 1
2093 2057 1
2094 2085 5
2095 2059 8
2096 2078 9
2097 2073 4
2098 2054 1
2099 2058 5
2100 40 9
2101 2100 8
2102 40 7
2103 2101 2
2104 2100 8
2105 2100 5
2106 2103 2
2107 2103 9
2108 2103 6
2109 40 9
2110 2101 7
2111 40 3
2112 2104 3
2113 2109 3
2114 2103 4
2115 40 5
2116 2102 8
2117 2108 8
2118 2113 6
2119 2114 2
2120 2118 9
2121 2114 5
2122 2101 6
2123 2122 8
2124 2119 8
2125 2102 5
2126 2115 6
2127 2100 4
2128 2123 8
2129 2101 6
2130 2117 7
2131 2113 6
2132 2125 6
2133 2117 2
2134 2120 5
2135 2115 5
2136 2113 5
2137 2127 9
2138 2104 9
2139 2116 9
2140 2119 6
2141 2123 6
2142 2136 7
2143 40 4
2144 2100 3
2145 2103 6
2146 2143 1
2147 2129 7
2148 2114 3
2149 2126 7
2150 41 7
2151 41 1
2152 41 3
2153 2152 4
2154 2153 2
2155 2150 5
2156 2153 6
2157 2152 8
2158 2156 2
2159 2158 4
2160 2156 2
2161 2150 5
2162 2151 5
2163 2159 1
2164 2159 2
2165 2163 2
2166 2158 7
2167 2152 1
2168 2158 6
2169 2166 6
2170 2157 7
2171 2151 4
2172 2167 1
2173 2159 6
2174 2160 3
2175 2166 8
2176 2159 7
2177 2172 8
2178 2153 9
2179 2156 7
2180 2164 7
2181 2153 9
2182 2154 7
2183 41 9
2184 2160 8
2185 2166 8
2186 2180 5
2187 2182 2
2188 2174 2
2189 2163 7
2190 2155 8
2191 2165 9
2192 2150 2
2193 2157 7
2194 2168 2
2195 2179 1
2196 2189 3
2197 2167 9
2198 2186 4
2199 2156 2
2200 42 5
2201 42 7
2202 2200 6
2203 2201 8
2204 2202 3
2205 2204 8
2206 2205 9
2207 2205 1
2208 2204 6
2209 2208 1
2210 2208 9
2211 42 3
2212 2208 8
2213 2207 4
2214 2212 9
2215 2209 1
2216 2210 9
2217 2200 8
2218 2205 6
2219 2212 7
2220 2200 1
2221 2215 4
2222 2221 3
2223 42 9
2224 2207 5
2225 2202 3
2226 2220 2
2227 2211 1
2228 2225 4
2229 2226 4
2230 2215 4
2231 2212 4
2232 2228 9
2233 2202 3
2234 2225 5
2235 2207 4
2236 2223 8
2237 2235 8
2238 2206 3
2239 2202 1
2240 2211 2
2241 2208 2
2242 2224 5
2243 2210 9
2244 2230 3
2245 2238 1
2246 2239 1
2247 2217 1
2248 2241 5
2249 2247 8
2250 43 2
2251 2250 5
2252 43 7
2253 2251 8
2254 2252 1
2255 2251 7
2256 2251 8
2257 2255 8
2258 2254 6
2259 2256 4
2260 2255 8
2261 2254 8
2262 2253 9
2263 2255 1
2264 2263 9
2265 2263 8
2266 2259 7
2267 2251 2
2268 2262 7
2269 2268 8
2270 2267 3
2271 2264 1
2272 2252 3
2273 43 3
2274 2251 3
2275 2250 5
2276 2271 6
2277 2274 8
2278 2276 8
2279 2271 9
2280 2279 4
2281 2278 9
2282 2274 1
2283 2277 1
2284 2268 3
2285 2281 5
2286 2258 9
2287 2271 2
2288 2269 5
2289 2280 2
2290 2282 1
2291 2261 4
2292 2283 4
2293 2288 3
2294 2262 8
2295 2284 6
2296 2287 5
2297 2255 1
2298 2261 9
2299 2273 6
2300 44 2
2301 2300 7
2302 2300 4
2303 2302 5
2304 2301 2
2305 2301 5
2306 2300 5
2307 2303 1
2308 2302 4
2309 2307 2
2310 2306 2
2311 2300 6
2312 2305 8
2313 2310 4
2314 2308 5
2315 2311 6
2316 2308 8
2317 2313 7
2318 2303 4
2319 2309 2
2320 2301 9
2321 2303 7
2322 2311 6
2323 2320 4
2324 44 6
2325 2321 6
2326 2317 7
2327 2314 8
2328 2300 5
2329 2312 1
2330 2328 2
2331 2310 8
2332 2309 9
2333 2308 2
2334 2333 4
2335 2326 7
2336 2312 6
2337 2301 3
2338 2325 5
2339 2302 8
2340 2308 5
2341 2340 5
2342 2325 5
2343 2339 9
2344 2325 6
2345 2329 8
2346 2312 4
2347 2314 2
2348 2322 5
2349 2331 5
2350 45 8
2351 45 3
2352 2351 1
2353 45 8
2354 2352 7
2355 2350 4
2356 2354 9
2357 45 1
2358 2354 8
2359 45 5
2360 2352 6
2361 2359 6
2362 2355 7
2363 2353 6
2364 2359 4
2365 2364 5
2366 45 6
2367 2353 6
2368 2353 9
2369 2360 1
2370 2367 7
2371 2350 4
2372 2360 6
2373 2355 4
2374 2373 4
2375 2367 6
2376 2370 1
2377 45 3
2378 2360 8
2379 2364 2
2380 2371 2
2381 2356 3
2382 2379 5
2383 2355 8
2384 2381 6
2385 2355 4
2386 2356 7
2387 2359 8
2388 2372 4
2389 2371 3
2390 2351 6
2391 2360 1
2392 2371 2
2393 2354 5
2394 2373 8
2395 2362 9
2396 2358 8
2397 2373 8
2398 2375 9
2399 2375 1
2400 46 5
2401 46 1
2402 46 4
2403 2400 7
2404 2401 5
2405 2403 9
2406 2400 3
2407 2406 9
2408 2401 4
2409 2404 7
2410 2404 7
2411 2408 5
2412 2411 5
2413 2409 6
2414 2403 3
2415 2411 7
2416 2415 1
2417 2416 4
2418 2404 8
2419 2402 7
2420 2403 1
2421 2419 8
2422 2408 6
2423 2405 8
2424 2409 5
2425 2411 1
2426 2418 5
2427 2410 1
2428 2413 6
2429 2412 3
2430 2425 3
2431 46 7
2432 2431 3
2433 2404 6
2434 2426 8
2435 46 2
2436 2410 1
2437 2400 4
2438 2426 3
2439 2438 6
2440 2434 7
2441 2434 6
2442 2421 5
2443 2429 2
2444 2426 6
2445 2444 9
2446 2406 3
2447 2407 7
2448 2400 3
2449 2412 8
2450 47 3
2451 2450 6
2452 2450 4
2453 47 4
2454 2450 8
2455 2452 9
2456 2450 6
2457 2452 3
2458 2453 8
2459 47 8
2460 2450 4
2461 47 3
2462 2456 8
2463 2452 7
2464 2459 8
2465 47 6
2466 2453 3
2467 2461 1
2468 2465 5
2469 2456 1
2470 47 3
2471 2463 9
2472 2467 6
2473 2453 5
2474 2452 7
2475 2462 5
2476 2471 8
2477 2460 1
2478 2461 6
2479 2450 4
2480 2461 9
2481 2453 6
2482 2475 6
2483 2477 5
2484 2462 6
2485 2471 6
2486 2473 1
2487 2480 5
2488 2485 5
2489 2460 4
2490 2475 6
2491 2454 1
2492 2459 7
2493 2460 7
2494 2479 9
2495 2494 8
2496 2493 4
2497 2493 7
2498 2496 5
2499 2451 1
2500 48 2
2501 2500 2
2502 48 4
2503 2500 2
2504 2500 8
2505 2500 1
2506 2505 6
2507 2505 8
2508 2504 1
2509 48 4
2510 2502 1
2511 2504 6
2512 2503 4
2513 2504 9
2514 2513 3
2515 2513 1
2516 2505 4
2517 2511 9
2518 2517 1
2519 2504 8
2520 2514 8
2521 2519 6
2522 2504 3
2523 2511 5
2524 48 1
2525 2502 2
2526 2516 2
2527 2522 3
2528 2508 5
2529 2524 5
2530 2521 6
2531 2530 6
2532 2527 4
2533 2501 1
2534 2530 3
2535 2523 3
2536 2529 9
2537 2511 4
2538 2515 9
2539 2509 5
2540 2512 5
2541 2529 1
2542 2509 2
2543 2501 7
2544 2505 2
2545 2540 3
2546 2508 4
2547 2518 1
2548 2533 3
2549 2531 9
2550 49 8
2551 2550 3
2552 49 5
2553 2550 5
2554 2553 2
2555 2553 4
2556 2550 8
2557 2553 4
2558 2555 7
2559 2550 5
2560 2557 4
2561 2557 9
2562 2555 8
2563 2550 5
2564 2556 1
2565 2564 9
2566 2558 8
2567 2556 5
2568 2565 6
2569 2567 8
2570 2565 2
2571 2566 7
2572 2569 1
2573 2550 7
2574 2571 4
2575 2568 7
2576 2571 8
2577 2573 1
2578 2556 5
2579 2569 8
2580 2568 3
2581 2563 2
2582 2562 9
2583 2581 8
2584 2576 2
2585 2576 8
2586 2577 2
2587 2573 8
2588 2577 8
2589 2565 9
2590 2559 7
2591 2574 8
2592 2580 2
2593 2551 6
2594 2577 4
2595 2577 4
2596 2561 1
2597 2565 3
2598 2572 2
2599 2597 6
2600 50 4
2601 2600 8
2602 50 4
2603 2600 6
2604 50 2
2605 2600 5
2606 2602 6
2607 2603 2
2608 2605 9
2609 50 3
2610 2607 4
2611 2605 1
2612 2610 7
2613 2602 9
2614 2611 1
2615 2610 6
2616 2607 5
2617 2602 5
2618 2600 9
2619 2611 5
2620 2611 6
2621 2600 1
2622 2620 7
2623 2621 2
2624 2608 5
2625 2614 6
2626 2607 1
2627 2623 5
2628 2615 9
2629 2625 6
2630 2621 2
2631 2607 8
2632 2607 2
2633 50 5
2634 2620 4
2635 2600 1
2636 2604 3
2637 2610 3
2638 2619 5
2639 2604 7
2640 2603 4
2641 2616 1
2642 2639 6
2643 2636 1
2644 2612 4
2645 2604 2
2646 2636 3
2647 2629 8
2648 2606 4
2649 2643 5
2650 51 6
2651 51 2
2652 2651 3
2653 51 1
2654 2653 8
2655 2652 4
2656 2650 9
2657 2652 1
2658 2650 7
2659 2655 5
2660 2655 9
2661 2656 8
2662 2656 3
2663 2650 8
2664 2653 8
2665 2663 3
2666 2665 6
2667 2653 7
2668 2659 4
2669 2665 5
2670 2651 5
2671 2656 4
2672 2657 4
2673 2664 2
2674 2653 3
2675 2668 9
2676 2670 6
2677 2675 3
2678 2676 5
2679 2665 2
2680 2665 3
2681 2666 3
2682 2669 1
2683 2670 6
2684 2677 8
2685 2672 6
2686 2663 3
2687 2655 9
2688 2652 7
2689 2653 8
2690 2669 2
2691 2654 3
2692 2671 7
2693 2658 4
2694 2687 7
2695 2683 5
2696 51 9
2697 2689 4
2698 2684 2
2699 2680 1
2700 52 8
2701 2700 7
2702 2701 8
2703 2701 5
2704 2700 3
2705 2704 6
2706 2703 2
2707 2705 9
2708 2703 2
2709 2703 6
2710 2703 1
2711 2703 7
2712 2704 8
2713 2705 1
2714 2707 7
2715 2704 2
2716 2708 3
2717 2709 1
2718 2710 2
2719 2702 8
2720 2715 2
2721 2717 6
2722 2720 8
2723 2702 2
2724 2712 2
2725 2713 9
2726 2706 5
2727 2719 2
2728 2708 7
2729 2716 8
2730 2704 3
2731 2723 7
2732 2715 6
2733 2715 1
2734 2711 3
2735 2711 2
2736 2710 9
2737 2734 2
2738 2713 5
2739 2728 2
2740 2729 2
2741 2722 7
2742 2708 5
2743 2741 3
2744 2722 1
2745 2736 6
2746 2728 6
2747 2709 3
2748 2707 5
2749 2745 3
2750 53 1
2751 2750 3
2752 2751 6
2753 2751 1
2754 2753 2
2755 53 4
2756 2751 2
2757 2753 5
2758 2756 2
2759 2756 2
2760 2750 7
2761 2757 9
2762 2755 9
2763 2752 8
2764 2762 7
2765 2751 5
2766 2755 4
2767 2760 7
2768 2767 5
2769 2760 6
2770 2768 7
2771 2758 7
2772 2752 2
2773 2751 6
2774 2759 8
2775 2763 3
2776 2763 8
2777 2754 9
2778 2763 6
2779 2763 2
2780 2768 6
2781 2768 2
2782 2779 1
2783 53 7
2784 2758 6
2785 2770 4
2786 2773 6
2787 2782 6
2788 2758 7
2789 2783 1
2790 2772 2
2791 2774 2
2792 2772 7
2793 2764 3
2794 2753 5
2795 2774 6
2796 2753 6
2797 2796 5
2798 2753 6
2799 2797 2
2800 54 9
2801 2800 6
2802 54 7
2803 2802 9
2804 2802 7
2805 2801 8
2806 2802 4
2807 2806 8
2808 2806 8
2809 2805 2
2810 54 3
2811 2810 9
2812 2806 4
2813 54 7
2814 2800 6
2815 2806 8
2816 2809 5
2817 2814 8
2818 2807 2
2819 2817 6
2820 2811 3
2821 2811 3
2822 54 1
2823 2812 5
2824 2822 2
2825 2800 5
2826 2813 5
2827 2803 2
2828 2810 7
2829 2821 2
2830 2827 3
2831 2809 5
2832 2813 7
2833 2823 3
2834 2822 9
2835 2829 5
2836 2801 8
2837 2836 7
2838 2814 7
2839 2836 8
2840 2801 9
2841 2839 5
2842 2803 1
2843 2817 5
2844 2803 8
2845 2814 7
2846 2822 3
2847 2816 1
2848 2822 5
2849 2826 6
2850 55 8
2851 55 4
2852 55 7
2853 55 7
2854 2853 8
2855 2852 3
2856 55 6
2857 2852 4
2858 2851 3
2859 2856 5
2860 2850 7
2861 2859 5
2862 2851 9
2863 2850 2
2864 2861 6
2865 2864 4
2866 2859 7
2867 2864 2
2868 2854 3
2869 2859 5
2870 2862 2
2871 2869 8
2872 2851 6
2873 2862 1
2874 2856 1
2875 2861 6
2876 2868 7
2877 2865 2
2878 2851 8
2879 2865 4
2880 2868 8
2881 2852 7
2882 2881 3
2883 2851 7
2884 2877 1
2885 2869 7
2886 2850 3
2887 2869 2
2888 2855 3
2889 2868 9
2890 2871 3
2891 2882 7
2892 2888 4
2893 2864 1
2894 2892 5
2895 2883 1
2896 2868 8
2897 2874 9
2898 2896 6
2899 2854 2
2900 56 8
2901 56 3
2902 2901 3
2903 2900 7
2904 2902 9
2905 56 5
2906 2901 6
2907 2900 2
2908 2903 9
2909 2907 1
2910 2905 7
2911 2906 6
2912 2907 6
2913 2911 6
2914 2910 9
2915 2908 3
2916 2902 8
2917 2913 5
2918 2915 5
2919 2912 9
2920 2914 7
2921 2905 7
2922 2917 2
2923 2920 3
2924 2903 8
2925 2919 5
2926 2907 6
2927 2926 7
2928 2915 9
2929 2901 8
2930 2916 7
2931 2922 7
2932 2928 5
2933 2916 3
2934 2919 8
2935 2922 4
2936 2901 4
2937 2904 1
2938 2934 4
2939 2900 1
2940 2900 9
2941 2922 6
2942 2903 8
2943 2901 1
2944 2917 6
2945 2917 5
2946 2944 2
2947 2908 5
2948 2926 4
2949 2937 2
2950 57 5
2951 57 7
2952 2950 1
2953 2950 9
2954 2953 7
2955 2952 8
2956 2954 7
2957 2955 6
2958 2954 2
2959 2952 5
2960 2950 7
2961 2951 2
2962 2956 7
2963 2952 9
2964 2950 2
2965 2961 1
2966 2955 1
2967 2959 1
2968 2956 5
2969 2951 2
2970 2963 6
2971 2956 3
2972 2957 5
2973 2950 5
2974 2954 1
2975 2963 9
2976 2973 9
2977 2952 6
2978 2962 7
2979 2964 7
2980 2978 8
2981 2951 9
2982 2964 6
2983 2980 7
2984 2953 5
2985 2964 7
2986 2956 4
2987 2959 1
2988 2952 5
2989 2984 2
2990 2976 6
2991 2959 3
2992 2977 1
2993 2985 2
2994 2966 4
2995 2953 5
2996 2961 2
2997 2985 2
2998 2960 8
2999 2995 6
3000 58 8
3001 58 7
3002 3000 1
3003 3002 5
3004 58 2
3005 3000 7
3006 3002 5
3007 3006 5
3008 3005 1
3009 58 6
3010 3009 4
3011 3004 7
3012 3002 7
3013 58 1
3014 3001 5
3015 3008 9
3016 3007 8
3017 3010 8
3018 3005 1
3019 3012 3
3020 3015 9
3021 3005 7
3022 3011 6
3023 3014 9
3024 3014 8
3025 3014 1
3026 3018 4
3027 3011 7
3028 3014 5
3029 3002 6
3030 3016 7
3031 3026 3
3032 3031 6
3033 3003 3
3034 3012 2
3035 3014 9
3036 3027 8
3037 3036 5
3038 3027 5
3039 3029 7
3040 3020 7
3041 3038 9
3042 3026 7
3043 3028 5
3044 3037 6
3045 3023 2
3046 3024 4
3047 3004 8
3048 3043 2
3049 3008 6
3050 59 9
3051 59 4
3052 3051 6
3053 3051 7
3054 3053 6
3055 3050 4
3056 3051 3
3057 3050 1
3058 3052 6
3059 3057 4
3060 3051 4
3061 3052 3
3062 3054 3
3063 3051 8
3064 3050 9
3065 3056 2
3066 3063 5
3067 3050 4
3068 3061 6
3069 3066 7
3070 3066 1
3071 3052 5
3072 3057 1
3073 3065 3
3074 3051 7
3075 3055 2
3076 3064 3
3077 3056 1
3078 3064 7
3079 3069 8
3080 3069 3
3081 3057 3
3082 3065 2
3083 3057 3
3084 3070 4
3085 3055 6
3086 3064 8
3087 3052 3
3088 3062 3
3089 3087 3
3090 3084 3
3091 3053 8
3092 3074 7
3093 3074 8
3094 3058 7
3095 3059 7
3096 3054 5
3097 3092 3
3098 3073 3
3099 3065 8
3100 60 5
3101 3100 9
3102 3101 9
3103 3101 3
3104 3100 8
3105 3104 3
3106 60 7
3107 3104 8
3108 3107 5
3109 3108 3
3110 3109 4
3111 3101 9
3112 3106 1
3113 3104 4
3114 3109 6
3115 3101 1
3116 3106 5
3117 3111 4
3118 3108 3
3119 3110 4
3120 3103 7
3121 3119 4
3122 3121 6
3123 3112 1
3124 3111 9
3125 3123 4
3126 3103 9
3127 3117 8
3128 3120 6
3129 3111 7
3130 3124 3
3131 3110 5
3132 3114 2
3133 3111 4
3134 3119 4
3135 3126 6
3136 3103 1
3137 3131 4
3138 3134 8
3139 3126 3
3140 3127 5
3141 3127 9
3142 3127 7
3143 3100 8
3144 3121 3
3145 3103 8
3146 3108 5
3147 3115 7
3148 3105 9
3149 3115 9
3150 61 1
3151 61 2
3152 61 7
3153 61 8
3154 3151 2
3155 3154 3
3156 3153 2
3157 3155 9
3158 61 2
3159 3152 2
3160 61 6
3161 3154 8
3162 3155 3
3163 3158 8
3164 3152 9
3165 3156 4
3166 3165 2
3167 3164 7
3168 3155 6
3169 3160 9
3170 3151 6
3171 3154 9
3172 3165 9
3173 3152 3
3174 3160 4
3175 3169 7
3176 3162 1
3177 3164 4
3178 3176 1
3179 3172 3
3180 3154 2
3181 3166 8
3182 3164 6
3183 3178 6
3184 61 2
3185 3171 3
3186 3184 1
3187 3154 1
3188 3158 8
3189 3183 5
3190 3177 7
3191 3172 2
3192 3182 8
3193 3171 6
3194 3156 1
3195 3180 5
3196 3175 1
3197 3177 5
3198 3154 9
3199 3193 5
3200 62 6
3201 3200 2
3202 3200 5
3203 3202 6
3204 62 1
3205 3200 9
3206 3201 3
3207 3202 7
3208 3206 7
3209 3208 4
3210 3205 5
3211 3206 8
3212 3211 4
3213 3204 3
3214 62 2
3215 3212 1
3216 3208 7
3217 3210 4
3218 3216 4
3219 3205 9
3220 3215 5
3221 3201 2
3222 3218 9
3223 3218 4
3224 3214 9
3225 3212 8
3226 3204 7
3227 3224 5
3228 3216 1
3229 3202 4
3230 3202 8
3231 3230 2
3232 3207 1
3233 3210 9
3234 3204 8
3235 3210 9
3236 3222 7
3237 3234 4
3238 3224 3
3239 3214 3
3240 3218 5
3241 3215 3
3242 3206 4
3243 3230 3
3244 3234 1
3245 3239 7
3246 3213 9
3247 3203 6
3248 3205 4
3249 3231 6
3250 63 7
3251 63 7
3252 3250 3
3253 3251 6
3254 3250 9
3255 3251 7
3256 3252 7
3257 63 8
3258 3257 6
3259 3255 3
3260 3252 4
3261 3259 2
3262 3259 3
3263 3255 7
3264 63 9
3265 3253 1
3266 3262 9
3267 3255 4
3268 3253 6
3269 3258 8
3270 3268 5
3271 3250 1
3272 3263 5
3273 3255 8
3274 3256 3
3275 3252 8
3276 3261 9
3277 3250 6
3278 3250 6
3279 3275 4
3280 3267 8
3281 3272 7
3282 3251 9
3283 3257 8
3284 3280 4
3285 63 3
3286 3276 9
3287 3281 7
3288 3255 7
3289 3259 8
3290 3266 4
3291 3265 4
3292 3291 9
3293 3254 9
3294 3264 4
3295 3287 2
3296 3281 1
3297 3292 9
3298 3253 8
3299 3281 3
3300 64 2
3301 64 4
3302 3300 8
3303 64 5
3304 3302 6
3305 3302 1
3306 3304 3
3307 3306 6
3308 3301 6
3309 3306 2
3310 3309 5
3311 3305 1
3312 3309 2
3313 3303 5
3314 3302 5
3315 3308 9
3316 3307 3
3317 3306 1
3318 64 5
3319 3314 8
3320 3300 8
3321 3315 5
3322 3317 9
3323 3306 6
3324 3313 3
3325 3300 3
3326 3312 8
3327 3313 1
3328 3326 9
3329 3304 2
3330 3328 6
3331 3325 7
3332 3315 5
3333 3315 3
3334 3313 9
3335 3324 6
3336 3306 2
3337 3331 2
3338 3322 5
3339 3302 1
3340 64 6
3341 3323 2
3342 3332 7
3343 3317 4
3344 3308 6
3345 3319 8
3346 3320 2
3347 3319 9
3348 3344 2
3349 3347 3
3350 65 3
3351 65 2
3352 3350 5
3353 3352 3
3354 3352 7
3355 65 8
3356 3350 7
3357 3354 2
3358 3356 9
3359 3351 3
3360 3359 1
3361 3360 1
3362 65 4
3363 3357 8
3364 3362 8
3365 3354 2
3366 3361 5
3367 3366 6
3368 3360 8
3369 3364 8
3370 3362 4
3371 3367 9
3372 3365 9
3373 3364 5
3374 3368 7
3375 3371 7
3376 3370 3
3377 3362 7
3378 3357 5
3379 3355 6
3380 3379 3
3381 3377 9
3382 3378 7
3383 3359 6
3384 65 1
3385 3368 9
3386 3371 7
3387 3379 4
3388 3363 7
3389 3378 1
3390 3367 8
3391 3359 3
3392 3389 6
3393 3373 4
3394 3390 8
3395 3377 8
3396 3382 4
3397 3389 4
3398 3373 2
3399 3357 2
3400 66 6
3401 66 7
3402 3401 6
3403 66 3
3404 3402 1
3405 3403 2
3406 3405 9
3407 3404 3
3408 3401 4
3409 3400 4
3410 3407 7
3411 3404 4
3412 3402 6
3413 3410 2
3414 3407 7
3415 3411 2
3416 3413 7
3417 3409 5
3418 3413 5
3419 3404 2
3420 66 1
3421 3400 3
3422 3402 6
3423 3416 1
3424 3417 9
3425 3419 3
3426 3404 7
3427 3408 9
3428 66 7
3429 66 4
3430 3409 6
3431 3422 3
3432 3417 2
3433 3431 3
3434 3425 1
3435 3413 2
3436 3407 6
3437 3401 4
3438 3414 5
3439 3402 7
3440 3411 5
3441 3420 3
3442 3400 5
3443 3432 7
3444 3400 3
3445 3438 6
3446 3423 3
3447 3417 3
3448 3407 6
3449 3420 8
3450 67 4
3451 3450 1
3452 3450 8
3453 3452 5
3454 67 6
3455 3451 7
3456 3451 9
3457 3450 6
3458 3453 9
3459 3456 9
3460 3455 1
3461 3457 9
3462 3456 8
3463 3457 3
3464 3459 6
3465 3456 6
3466 3460 3
3467 3466 2
3468 3458 4
3469 3456 2
3470 3460 6
3471 3466 4
3472 3455 6
3473 3469 2
3474 3450 8
3475 3465 8
3476 3464 1
3477 3453 9
3478 3451 5
3479 3472 1
3480 3466 9
3481 3470 8
3482 3472 7
3483 3464 8
3484 3479 3
3485 3481 5
3486 3457 9
3487 3455 2
3488 3482 3
3489 3479 3
3490 3476 4
3491 3469 2
3492 3455 4
3493 67 1
3494 3472 8
3495 3469 9
3496 3460 8
3497 3454 1
3498 3461 8
3499 3489 9
3500 68 3
3501 68 9
3502 3501 7
3503 3500 3
3504 3501 5
3505 3501 2
3506 3505 4
3507 3504 4
3508 3507 3
3509 68 8
3510 68 9
3511 3507 4
3512 3501 8
3513 3509 7
3514 68 1
3515 3511 7
3516 3511 7
3517 3508 7
3518 3513 9
3519 3506 6
3520 3504 3
3521 3515 8
3522 3512 3
3523 3512 5
3524 3512 1
3525 3520 5
3526 3525 7
3527 68 3
3528 3509 2
3529 3510 5
3530 3505 7
3531 3507 1
3532 3507 4
3533 3502 9
3534 3518 2
3535 3519 8
3536 3511 1
3537 3511 8
3538 3527 2
3539 3535 9
3540 3529 4
3541 3511 4
3542 3530 5
3543 3509 8
3544 3511 7
3545 3512 6
3546 3532 1
3547 3515 6
3548 3513 8
3549 3505 6
3550 69 4
3551 69 3
3552 3551 3
3553 3550 5
3554 3553 4
3555 3550 2
3556 3552 6
3557 3556 2
3558 3553 5
3559 69 5
3560 3553 5
3561 3557 9
3562 3556 2
3563 69 1
3564 3560 2
3565 3553 7
3566 3555 4
3567 3556 4
3568 3564 6
3569 3567 9
3570 3554 8
3571 3566 1
3572 3556 9
3573 3558 7
3574 3568 7
3575 69 8
3576 3560 5
3577 3569 7
3578 3552 3
3579 3559 3
3580 3552 5
3581 3556 2
3582 69 4
3583 3569 2
3584 3575 9
3585 3558 9
3586 3568 7
3587 3568 9
3588 3553 4
3589 3560 3
3590 3560 2
3591 3564 1
3592 3550 7
3593 3556 5
3594 3563 9
3595 3556 8
3596 3579 4
3597 3556 7
3598 3596 7
3599 3558 9
3600 70 1
3601 3600 7
3602 70 7
3603 3600 1
3604 3601 7
3605 3604 8
3606 3603 8
3607 3606 8
3608 3602 9
3609 3600 3
3610 3605 4
3611 70 8
3612 70 9
3613 3600 7
3614 3611 2
3615 3601 1
3616 3610 5
3617 3606 8
3618 3617 9
3619 3601 1
3620 3602 7
3621 3617 3
3622 3603 7
3623 3608 4
3624 3618 8
3625 3603 8
3626 3624 2
3627 3622 4
3628 3620 4
3629 3619 2
3630 3629 3
3631 3616 6
3632 3602 7
3633 3611 9
3634 3626 3
3635 3600 6
3636 3623 6
3637 3605 7
3638 3602 1
3639 3601 2
3640 3634 6
3641 3634 4
3642 3615 6
3643 3605 7
3644 3601 7
3645 3623 2
3646 3618 9
3647 3616 2
3648 3606 4
3649 3614 6
3650 71 8
3651 71 6
3652 3650 2
3653 71 1
3654 3652 9
3655 3652 7
3656 3655 2
3657 3651 9
3658 71 1
3659 3650 3
3660 3657 1
3661 3656 1
3662 3653 7
3663 3660 9
3664 3661 2
3665 3660 7
3666 3662 7
3667 3657 4
3668 3661 6
3669 3665 9
3670 3654 5
3671 3662 8
3672 3671 2
3673 3658 1
3674 3664 1
3675 3673 4
3676 3656 7
3677 3660 8
3678 3668 6
3679 3675 1
3680 3663 4
3681 3678 9
3682 3679 6
3683 3669 8
3684 3656 4
3685 3683 5
3686 3665 5
3687 3675 5
3688 3684 1
3689 3673 4
3690 3681 5
3691 3654 1
3692 3672 5
3693 3672 2
3694 3665 8
3695 3667 1
3696 3659 2
3697 3659 4
3698 3676 2
3699 3667 5
3700 72 9
3701 3700 7
3702 3701 1
3703 3701 5
3704 3702 2
3705 3703 7
3706 3702 4
3707 3702 8
3708 3700 3
3709 3706 8
3710 3701 1
3711 3705 8
3712 3700 1
3713 72 9
3714 3707 9
3715 3708 7
3716 3711 7
3717 3704 1
3718 3705 7
3719 3714 8
3720 3714 3
3721 3713 9
3722 3715 3
3723 3704 5
3724 3715 2
3725 3711 9
3726 3701 7
3727 3705 1
3728 3708 5
3729 3711 9
3730 3724 6
3731 3730 1
3732 3721 9
3733 3723 5
3734 3707 4
3735 3724 4
3736 3702 9
3737 3729 9
3738 3733 8
3739 3737 7
3740 3721 1
3741 3709 9
3742 3718 6
3743 3717 6
3744 3702 9
3745 3738 4
3746 3713 5
3747 3709 3
3748 3708 3
3749 3700 4
3750 73 8
3751 3750 9
3752 73 3
3753 73 2
3754 3752 7
3755 73 5
3756 3752 2
3757 3751 9
3758 3752 3
3759 3752 8
3760 3759 1
3761 3755 7
3762 3758 1
3763 3762 2
3764 3759 8
3765 3760 5
3766 3757 1
3767 73 6
3768 3759 1
3769 3751 8
3770 3751 2
3771 3756 3
3772 3756 6
3773 3753 2
3774 3764 7
3775 3773 5
3776 3750 1
3777 3766 2
3778 3775 7
3779 73 6
3780 3773 4
3781 3778 1
3782 3781 2
3783 3768 1
3784 3783 1
3785 3776 7
3786 3772 5
3787 3785 9
3788 3781 6
3789 3772 2
3790 3769 2
3791 3772 6
3792 3775 8
3793 3753 8
3794 3787 1
3795 3757 6
3796 3770 5
3797 3778 6
3798 3755 5
3799 3765 6
3800 74 9
3801 74 1
3802 74 2
3803 3801 6
3804 74 7
3805 74 6
3806 3800 2
3807 3805 6
3808 3804 2
3809 3801 6
3810 3800 3
3811 3805 8
3812 3802 6
3813 3812 5
3814 3803 5
3815 3800 6
3816 3809 3
3817 3801 3
3818 3807 2
3819 3813 5
3820 3811 6
3821 74 8
3822 3802 5
3823 3803 5
3824 3805 3
3825 3800 5
3826 3822 2
3827 3826 7
3828 3815 4
3829 3808 5
3830 3817 1
3831 3809 7
3832 3809 7
3833 3822 4
3834 3812 8
3835 3813 7
3836 3826 1
3837 3809 9
3838 3803 5
3839 3804 9
3840 3833 4
3841 3816 8
3842 3816 5
3843 3811 2
3844 3817 2
3845 3809 7
3846 3822 6
3847 3833 4
3848 3845 7
3849 3827 8
3850 75 9
3851 75 8
3852 3850 4
3853 3850 9
3854 3853 6
3855 3853 9
3856 3854 9
3857 3850 2
3858 3850 3
3859 3856 1
3860 3852 6
3861 3851 2
3862 3860 5
3863 3857 7
3864 3856 8
3865 3858 3
3866 3862 8
3867 3866 8
3868 3862 1
3869 3858 3
3870 3864 7
3871 3870 1
3872 3858 1
3873 3865 5
3874 3868 9
3875 3863 3
3876 3856 9
3877 3850 5
3878 3851 7
3879 3873 6
3880 3856 5
3881 3870 1
3882 3880 3
3883 3882 7
3884 3861 1
3885 3884 6
3886 3866 4
3887 3866 6
3888 3876 2
3889 3862 4
3890 3858 7
3891 3876 1
3892 3888 6
3893 3856 5
3894 3851 3
3895 3861 6
3896 3886 3
3897 3889 5
3898 3869 1
3899 3890 9
3900 76 2
3901 3900 3
3902 3901 1
3903 3900 5
3904 3902 1
3905 3901 4
3906 3904 4
3907 3905 3
3908 3907 9
3909 3901 6
3910 3903 2
3911 3900 8
3912 3904 2
3913 3911 7
3914 76 1
3915 3910 6
3916 3915 9
3917 3901 8
3918 3909 6
3919 3916 8
3920 76 6
3921 3907 1
3922 3918 2
3923 3911 2
3924 3922 8
3925 3906 6
3926 3909 3
3927 3901 9
3928 3909 7
3929 3906 9
3930 3920 3
3931 3928 6
3932 3911 9
3933 3914 5
3934 3920 6
3935 3934 6
3936 3904 7
3937 3911 2
3938 3904 1
3939 3907 2
3940 3934 4
3941 3920 3
3942 3923 4
3943 3901 6
3944 3919 7
3945 3915 7
3946 76 4
3947 3943 4
3948 3912 1
3949 3940 8
3950 77 9
3951 77 3
3952 3950 4
3953 77 6
3954 77 4
3955 3954 6
3956 3951 3
3957 3955 4
3958 3953 2
3959 3950 4
3960 3951 1
3961 3951 2
3962 3955 9
3963 3952 8
3964 3956 2
3965 3955 5
3966 3957 5
3967 3950 9
3968 3964 2
3969 3951 3
3970 3965 1
3971 3950 1
3972 3967 8
3973 3957 9
3974 3953 1
3975 3974 7
3976 3958 7
3977 3954 7
3978 3961 3
3979 3969 5
3980 3969 1
3981 3950 8
3982 3951 6
3983 3950 7
3984 3974 9
3985 77 9
3986 3984 7
3987 3954 1
3988 3960 6
3989 3966 7
3990 3972 5
3991 3976 1
3992 3982 9
3993 3960 6
3994 3955 7
3995 3962 7
3996 3974 3
3997 3971 5
3998 3972 7
3999 3997 2
4000 78 8
4001 78 9
4002 78 1
4003 4002 5
4004 4002 9
4005 78 8
4006 78 8
4007 4003 7
4008 4002 9
4009 78 5
4010 4008 9
4011 4000 5
4012 4001 3
4013 4001 7
4014 4011 4
4015 4006 5
4016 4002 9
4017 4011 8
4018 4002 4
4019 4002 2
4020 4002 1
4021 4018 8
4022 4006 5
4023 4017 8
4024 4023 2
4025 4013 7
4026 4015 8
4027 4012 2
4028 4000 4
4029 4012 6
4030 4009 7
4031 4026 2
4032 4013 3
4033 4019 2
4034 4019 1
4035 4013 9
4036 4006 6
4037 4030 5
4038 4023 4
4039 4016 6
4040 4022 9
4041 4028 1
4042 4033 6
4043 4031 4
4044 4030 2
4045 4036 2
4046 4042 4
4047 4038 6
4048 4019 1
4049 4043 9
4050 79 8
4051 4050 1
4052 4050 1
4053 4051 4
4054 4050 6
4055 4053 1
4056 4050 4
4057 4055 3
4058 4050 8
4059 4054 1
4060 4050 5
4061 4051 8
4062 4052 4
4063 4062 6
4064 79 7
4065 4057 2
4066 4058 5
4067 4060 8
4068 4057 2
4069 4057 9
4070 4063 9
4071 4060 1
4072 79 3
4073 4072 7
4074 4070 5
4075 4066 6
4076 4064 2
4077 4060 3
4078 4061 9
4079 4071 4
4080 4078 3
4081 4055 5
4082 4064 4
4083 4060 5
4084 4081 7
4085 4074 1
4086 4061 6
4087 4059 1
4088 4078 6
4089 4053 4
4090 4051 3
4091 4080 6
4092 4074 2
4093 4062 1
4094 4056 4
4095 4051 5
4096 4091 9
4097 4057 6
4098 4068 8
4099 4073 5
4100 80 5
4101 4100 6
4102 80 9
4103 4100 8
4104 4102 2
4105 4102 4
4106 4101 8
4107 4105 9
4108 4101 3
4109 4108 4
4110 4102 6
4111 80 6
4112 4104 5
4113 80 5
4114 4103 6
4115 4103 9
4116 80 8
4117 4116 1
4118 4102 3
4119 4104 3
4120 4118 5
4121 4113 9
4122 4117 7
4123 4117 7
4124 4103 5
4125 4109 4
4126 4123 4
4127 4108 2
4128 4121 7
4129 4100 2
4130 4125 9
4131 4104 2
4132 4122 4
4133 4126 8
4134 4126 6
4135 4101 7
4136 4121 2
4137 4105 5
4138 4135 8
4139 4118 2
4140 4129 2
4141 4124 5
4142 4105 4
4143 4139 7
4144 4108 4
4145 4127 6
4146 4141 6
4147 4120 4
4148 4137 8
4149 4136 1
4150 81 7
4151 4150 1
4152 4150 7
4153 4152 7
4154 4151 2
4155 4150 9
4156 4154 8
4157 4154 5
4158 4150 6
4159 4151 1
4160 4154 7
4161 4156 8
4162 4151 2
4163 4151 5
4164 4162 6
4165 4152 3
4166 4155 2
4167 4158 1
4168 4163 1
4169 4160 3
4170 4152 7
4171 4159 8
4172 4158 3
4173 4157 3
4174 81 9
4175 4151 1
4176 4163 5
4177 4163 3
4178 4154 4
4179 4174 3
4180 4169 2
4181 4150 6
4182 4180 6
4183 4153 5
4184 4175 1
4185 4170 7
4186 4151 1
4187 4182 9
4188 4160 5
4189 4174 1
4190 4162 9
4191 4184 8
4192 4150 7
4193 4156 7
4194 4176 2
4195 4172 7
4196 4195 6
4197 4168 3
4198 4164 3
4199 4162 8
4200 82 9
4201 4200 6
4202 4201 3
4203 4201 7
4204 4203 1
4205 4201 9
4206 4204 5
4207 4205 6
4208 4206 4
4209 4200 1
4210 4203 7
4211 4202 9
4212 4208 9
4213 4210 2
4214 4201 3
4215 4210 8
4216 4201 5
4217 4214 9
4218 4206 1
4219 82 9
4220 4202 2
4221 4207 1
4222 4219 5
4223 4200 6
4224 4207 6
4225 4215 1
4226 4215 9
4227 4219 8
4228 4200 8
4229 4206 1
4230 4227 4
4231 4228 5
4232 4213 1
4233 4208 8
4234 4204 3
4235 4202 4
4236 4230 3
4237 4221 1
4238 4204 8
4239 4215 2
4240 4234 8
4241 4230 6
4242 4212 1
4243 4211 2
4244 4221 4
4245 4230 3
4246 4233 2
4247 4239 6
4248 4215 3
4249 4206 3
4250 83 1
4251 4250 9
4252 4251 2
4253 4250 9
4254 4250 8
4255 4251 8
4256 4252 2
4257 4256 4
4258 4257 6
4259 4252 3
4260 4251 1
4261 4255 9
4262 4259 8
4263 83 5
4264 4252 5
4265 4264 5
4266 4253 5
4267 4263 7
4268 4265 9
4269 4258 5
4270 4266 7
4271 4261 8
4272 4255 2
4273 4257 6
4274 4252 9
4275 4258 2
4276 4251 7
4277 4257 7
4278 4270 7
4279 4273 6
4280 4260 1
4281 4250 5
4282 4253 6
4283 4257 9
4284 4280 4
4285 4261 4
4286 4268 6
4287 4271 6
4288 4271 8
4289 4271 3
4290 4273 1
4291 4264 8
4292 4289 6
4293 4262 9
4294 4273 1
4295 4251 8
4296 4267 1
4297 4252 8
4298 4295 8
4299 4290 1
4300 84 3
4301 4300 6
4302 4301 7
4303 84 6
4304 84 2
4305 4303 1
4306 4305 4
4307 4305 7
4308 4301 2
4309 4307 1
4310 4305 8
4311 84 6
4312 4310 5
4313 4310 9
4314 4302 6
4315 4311 1
4316 4300 9
4317 4307 5
4318 4315 5
4319 4316 8
4320 4301 4
4321 4320 6
4322 4309 6
4323 4301 1
4324 4312 2
4325 4307 7
4326 4308 8
4327 4307 8
4328 4324 1
4329 4310 9
4330 4326 6
4331 4326 2
4332 4329 7
4333 4305 5
4334 4328 5
4335 4322 5
4336 4317 5
4337 4335 7
4338 4336 4
4339 4319 8
4340 4308 9
4341 4338 9
4342 4304 3
4343 4314 8
4344 4337 8
4345 4321 2
4346 4312 7
4347 4341 5
4348 4346 3
4349 4306 6
4350 85 3
4351 85 6
4352 4350 1
4353 4350 1
4354 85 6
4355 4354 4
4356 4350 6
4357 4354 6
4358 4356 2
4359 4350 4
4360 4359 9
4361 4350 6
4362 4352 1
4363 4355 2
4364 4356 4
4365 4360 1
4366 4359 6
4367 4355 6
4368 4355 7
4369 4356 6
4370 4368 9
4371 4357 3
4372 4368 5
4373 4350 9
4374 4366 3
4375 4350 1
4376 4368 1
4377 4364 9
4378 4368 4
4379 4377 9
4380 4377 7
4381 4380 3
4382 4350 5
4383 4371 3
4384 4362 2
4385 4383 2
4386 4379 5
4387 4381 3
4388 4381 8
4389 4376 1
4390 4367 3
4391 4350 4
4392 4366 3
4393 4387 6
4394 4358 7
4395 4364 5
4396 4360 1
4397 4350 4
4398 4384 5
4399 4385 7
4400 86 2
4401 86 6
4402 86 5
4403 4400 2
4404 86 9
4405 4402 3
4406 86 6
4407 4401 4
4408 4405 2
4409 4401 8
4410 86 6
4411 4407 1
4412 4407 5
4413 4411 8
4414 4412 5
4415 4404 3
4416 4407 6
4417 4414 6
4418 4409 4
4419 4413 3
4420 86 1
4421 86 9
4422 4415 5
4423 86 2
4424 4418 9
4425 4421 5
4426 4425 3
4427 4407 2
4428 4427 6
4429 4409 9
4430 4401 4
4431 4419 1
4432 4422 8
4433 4421 4
4434 4423 8
4435 4429 7
4436 4427 3
4437 4424 7
4438 4408 1
4439 4429 9
4440 4419 1
4441 4417 8
4442 4429 9
4443 4415 1
4444 4435 5
4445 4440 7
4446 4441 9
4447 4406 3
4448 4403 9
4449 4438 1
4450 87 5
4451 87 4
4452 4451 3
4453 4450 4
4454 4453 6
4455 4451 4
4456 4453 7
4457 87 8
4458 4455 7
4459 4456 9
4460 4452 7
4461 4452 8
4462 4458 9
4463 87 8
4464 4458 3
4465 4454 2
4466 4463 7
4467 4465 6
4468 4462 5
4469 4465 6
4470 4450 5
4471 4459 6
4472 4459 6
4473 4463 9
4474 4461 7
4475 4461 7
4476 4457 2
4477 4467 3
4478 4473 2
4479 4474 8
4480 4466 7
4481 4471 4
4482 4454 3
4483 4453 1
4484 4466 3
4485 4472 1
4486 4461 5
4487 4460 3
4488 4465 4
4489 4486 5
4490 4464 3
4491 4490 4
4492 4484 8
4493 4451 7
4494 4471 3
4495 4457 2
4496 4472 9
4497 4452 4
4498 4451 3
4499 4489 6
4500 88 2
4501 88 4
4502 4500 4
4503 4501 9
4504 4502 2
4505 4503 3
4506 88 1
4507 4503 3
4508 4505 4
4509 4507 3
4510 4500 7
4511 4504 4
4512 4504 6
4513 4506 7
4514 4513 2
4515 4508 9
4516 4513 9
4517 4503 7
4518 88 1
4519 4516 2
4520 4504 9
4521 4519 4
4522 4515 2
4523 4521 5
4524 4519 5
4525 4519 7
4526 4518 6
4527 4514 7
4528 4509 1
4529 4518 2
4530 4525 9
4531 4505 6
4532 4524 5
4533 4524 5
4534 4526 6
4535 4518 4
4536 4515 4
4537 4517 2
4538 4527 6
4539 4529 8
4540 4531 1
4541 4534 3
4542 4503 2
4543 4536 9
4544 4533 8
4545 4540 3
4546 4514 1
4547 4510 2
4548 4513 1
4549 4525 3
4550 89 8
4551 4550 5
4552 89 5
4553 89 9
4554 4551 4
4555 4551 8
4556 4553 8
4557 4550 1
4558 89 1
4559 4553 6
4560 89 4
4561 89 5
4562 4550 9
4563 4561 3
4564 4554 6
4565 89 1
4566 4558 8
4567 4557 2
4568 89 1
4569 4567 4
4570 4550 2
4571 4550 1
4572 4562 5
4573 4550 3
4574 4555 5
4575 4552 4
4576 4552 3
4577 4571 2
4578 4555 4
4579 4578 9
4580 4565 2
4581 4577 3
4582 4570 3
4583 4572 3
4584 4556 2
4585 4560 8
4586 4554 1
4587 4555 2
4588 4557 1
4589 4551 4
4590 4564 2
4591 4564 6
4592 4578 9
4593 4582 4
4594 4581 6
4595 4561 4
4596 4557 4
4597 4586 6
4598 4588 1
4599 4555 4
4600 90 8
4601 4600 1
4602 4600 1
4603 4602 7
4604 4603 3
4605 4602 5
4606 4603 2
4607 4605 9
4608 4602 9
4609 4601 7
4610 4609 7
4611 4604 9
4612 4600 1
4613 4601 4
4614 4608 8
4615 4613 1
4616 90 1
4617 4615 2
4618 4606 6
4619 4614 3
4620 4619 4
4621 4609 7
4622 4613 3
4623 4618 1
4624 4602 1
4625 4605 6
4626 4614 3
4627 4600 8
4628 4618 7
4629 4603 3
4630 4604 1
4631 4621 7
4632 4620 6
4633 4623 2
4634 4629 1
4635 4614 8
4636 4621 9
4637 4605 4
4638 4603 5
4639 4637 7
4640 90 4
4641 4611 7
4642 4632 2
4643 90 5
4644 4634 8
4645 4639 5
4646 4604 8
4647 4608 3
4648 4635 8
4649 4622 9
4650 91 5
4651 4650 2
4652 91 7
4653 4652 7
4654 4652 5
4655 4653 7
4656 91 1
4657 4653 8
4658 4655 4
4659 4653 1
4660 4658 1
4661 4660 5
4662 4651 5
4663 4654 4
4664 4659 3
4665 4657 6
4666 4655 1
4667 4665 7
4668 4667 3
4669 4660 2
4670 4663 6
4671 4663 3
4672 4671 5
4673 4668 1
4674 4672 8
4675 4668 1
4676 4659 1
4677 91 1
4678 4677 3
4679 91 4
4680 4665 2
4681 4650 1
4682 4661 7
4683 4657 6
4684 4683 3
4685 4672 2
4686 4666 4
4687 4656 1
4688 4687 4
4689 4654 3
4690 4663 2
4691 4681 2
4692 4667 6
4693 4675 5
4694 4686 8
4695 4672 2
4696 4686 8
4697 4677 4
4698 4661 4
4699 4694 9
4700 92 9
4701 4700 2
4702 4701 4
4703 4702 2
4704 4700 1
4705 92 9
4706 4705 2
4707 4702 1
4708 4700 7
4709 4705 7
4710 4704 7
4711 4701 1
4712 4708 1
4713 4707 8
4714 92 2
4715 4701 7
4716 92 9
4717 4703 3
4718 4715 2
4719 4711 3
4720 4704 5
4721 4713 3
4722 4712 6
4723 4705 3
4724 4701 5
4725 92 5
4726 4719 6
4727 4701 8
4728 4714 4
4729 4725 5
4730 4714 7
4731 4718 4
4732 4705 8
4733 4703 4
4734 4707 7
4735 4733 1
4736 4713 2
4737 4716 1
4738 4735 7
4739 4721 4
4740 4713 2
4741 92 2
4742 4738 8
4743 4724 4
4744 4711 4
4745 4742 4
4746 4741 3
4747 4729 9
4748 4746 4
4749 4729 1
4750 93 6
4751 93 1
4752 4750 5
4753 4752 3
4754 4750 8
4755 4752 5
4756 4755 7
4757 4750 3
4758 4756 4
4759 4754 3
4760 4756 2
4761 4751 5
4762 4759 3
4763 4754 8
4764 4763 1
4765 4752 9
4766 4757 1
4767 4753 4
4768 4767 4
4769 4755 9
4770 4755 9
4771 4758 3
4772 4764 6
4773 4758 8
4774 4770 2
4775 4772 6
4776 4758 3
4777 4769 4
4778 4768 5
4779 4778 7
4780 4770 2
4781 4766 3
4782 4760 5
4783 4770 7
4784 4779 7
4785 4761 5
4786 4766 6
4787 4763 1
4788 4771 7
4789 4753 5
4790 4781 4
4791 4783 7
4792 4785 5
4793 4750 3
4794 93 9
4795 4754 5
4796 4771 3
4797 4767 2
4798 4797 2
4799 4762 6
4800 94 5
4801 4800 7
4802 4801 4
4803 4801 6
4804 4800 4
4805 94 9
4806 4800 3
4807 4801 8
4808 94 9
4809 4802 2
4810 4803 8
4811 94 7
4812 4802 9
4813 4806 8
4814 4813 1
4815 4808 7
4816 4808 7
4817 4810 5
4818 4803 5
4819 4811 5
4820 4816 9
4821 4818 1
4822 4815 3
4823 4801 4
4824 4809 8
4825 4808 8
4826 4823 9
4827 4826 5
4828 4817 2
4829 4807 6
4830 4801 4
4831 4807 8
4832 4800 4
4833 4807 5
4834 4804 4
4835 4822 3
4836 4801 7
4837 4831 4
4838 4837 8
4839 4821 7
4840 4822 8
4841 4830 4
4842 4818 2
4843 4806 2
4844 4826 2
4845 4816 4
4846 4825 5
4847 4836 4
4848 4819 9
4849 94 4
4850 95 2
4851 4850 2
4852 4850 3
4853 4852 4
4854 4851 9
4855 4850 4
4856 4850 5
4857 4856 5
4858 4856 7
4859 4854 7
4860 4854 1
4861 4860 6
4862 4861 8
4863 95 6
4864 95 4
4865 4862 5
4866 4852 8
4867 4858 9
4868 4853 4
4869 4864 8
4870 4856 1
4871 95 5
4872 4866 2
4873 4855 4
4874 4871 4
4875 4872 3
4876 4863 7
4877 4853 1
4878 4867 6
4879 4851 6
4880 4878 2
4881 4880 5
4882 4872 4
4883 4870 2
4884 4872 3
4885 4873 8
4886 4874 2
4887 4856 6
4888 4878 9
4889 4857 8
4890 4857 6
4891 4854 2
4892 4875 7
4893 4890 4
4894 4868 1
4895 4887 5
4896 4893 8
4897 4886 4
4898 4881 7
4899 4883 1
4900 96 6
4901 96 6
4902 96 6
4903 96 1
4904 4901 8
4905 4900 5
4906 4905 1
4907 4904 3
4908 4900 2
4909 4902 9
4910 96 2
4911 4904 7
4912 4902 6
4913 4900 9
4914 4900 5
4915 4904 8
4916 4908 1
4917 4914 5
4918 4908 1
4919 4912 7
4920 4915 8
4921 4915 2
4922 4900 8
4923 4908 5
4924 4920 1
4925 4916 4
4926 4900 4
4927 4923 6
4928 4910 5
4929 4912 6
4930 4916 4
4931 4909 3
4932 96 2
4933 96 7
4934 4900 9
4935 4933 7
4936 4913 9
4937 4906 6
4938 4932 9
4939 4903 2
4940 4922 5
4941 4931 6
4942 4924 4
4943 4911 5
4944 4923 5
4945 4902 1
4946 4932 7
4947 4902 7
4948 4916 3
4949 4911 6
4950 97 7
4951 97 8
4952 97 3
4953 4950 2
4954 4952 7
4955 4954 5
4956 4951 8
4957 4953 2
4958 4952 4
4959 97 8
4960 4953 7
4961 4956 2
4962 4957 8
4963 97 5
4964 4963 6
4965 4963 6
4966 4961 5
4967 4966 2
4968 4954 1
4969 4950 5
4970 4955 8
4971 4956 5
4972 4950 7
4973 4958 8
4974 4969 5
4975 4953 6
4976 4955 7
4977 4961 7
4978 4972 6
4979 4952 7
4980 4950 9
4981 4972 9
4982 4974 4
4983 4982 1
4984 4975 9
4985 4983 7
4986 4951 5
4987 4951 5
4988 4969 1
4989 4963 9
4990 4966 4
4991 4964 1
4992 4977 2
4993 4955 8
4994 4956 9
4995 4964 7
4996 4969 9
4997 4981 3
4998 4992 7
4999 4992 7
5000 98 1
5001 98 9
5002 5000 6
5003 5000 2
5004 5003 4
5005 5004 6
5006 98 3
5007 98 8
5008 98 6
5009 5004 5
5010 5006 6
5011 5000 8
5012 5001 7
5013 5005 4
5014 5006 8
5015 5012 4
5016 5000 4
5017 5003 5
5018 5013 4
5019 5018 8
5020 5004 6
5021 5004 7
5022 5014 2
5023 5011 3
5024 5021 9
5025 5000 5
5026 5003 9
5027 5014 3
5028 5020 1
5029 5010 4
5030 5021 3
5031 5028 8
5032 5031 7
5033 5012 7
5034 5008 2
5035 5025 1
5036 5017 2
5037 5003 5
5038 5037 4
5039 98 8
5040 5029 7
5041 98 8
5042 5015 4
5043 5031 2
5044 5021 8
5045 5035 2
5046 5010 4
5047 5012 3
5048 5019 7
5049 5024 1
5050 99 7
5051 99 6
5052 5050 2
5053 5052 7
5054 5052 9
5055 99 3
5056 5052 4
5057 5050 4
5058 5056 4
5059 5055 7
5060 5053 1
5061 5060 1
5062 99 9
5063 5058 5
5064 5058 2
5065 5061 3
5066 5057 2
5067 5051 3
5068 5050 3
5069 5060 2
5070 5054 7
5071 5057 5
5072 5059 4
5073 5057 9
5074 5069 7
5075 5053 7
5076 5068 7
5077 5051 3
5078 5057 5
5079 5072 5
5080 5065 1
5081 5058 1
5082 5075 3
5083 5063 5
5084 5050 2
5085 5058 5
5086 5058 1
5087 5051 1
5088 5065 7
5089 5075 6
5090 5058 1
5091 5082 3
5092 5090 9
5093 99 2
5094 5064 3
5095 5092 9
5096 5060 4
5097 5073 1
5098 5093 5
5099 5098 4
