200 0 5
201 200 2
202 0 9
203 202 7
204 200 1
205 202 5
206 204 6
207 201 9
208 204 6
209 202 6
210 203 8
211 204 7
212 201 6
213 212 6
214 200 7
215 205 5
216 205 2
217 203 6
218 208 8
219 207 4
220 0 6
221 200 6
222 221 5
223 203 2
224 217 7
225 1 2
226 1 1
227 1 3
228 1 4
229 1 6
230 225 7
231 225 9
232 1 8
233 226 1
234 225 3
235 227 3
236 233 7
237 233 9
238 1 3
239 225 8
240 238 7
241 236 7
242 236 4
243 228 9
244 235 1
245 238 4
246 245 1
247 239 4
248 236 1
249 234 2
250 2 5
251 250 1
252 2 9
253 251 6
254 251 6
255 254 5
256 251 4
257 2 2
258 252 6
259 255 8
260 250 5
261 258 2
262 252 9
263 251 5
264 252 9
265 255 3
266 259 3
267 250 3
268 256 8
269 251 7
270 254 3
271 252 7
272 260 3
273 269 6
274 259 5
275 3 6
276 3 6
277 3 1
278 275 6
279 3 4
280 277 8
281 278 9
282 279 8
283 278 6
284 278 7
285 281 8
286 277 4
287 285 4
288 284 1
289 278 9
290 275 1
291 283 9
292 3 3
293 289 6
294 3 8
295 288 7
296 276 5
297 285 8
298 296 1
299 287 9
300 4 1
301 300 5
302 4 6
303 4 2
304 4 1
305 4 6
306 303 9
307 301 1
308 300 1
309 306 6
310 309 6
311 309 7
312 301 8
313 311 5
314 308 4
315 304 5
316 314 9
317 301 6
318 306 9
319 317 6
320 305 3
321 318 9
322 306 9
323 319 8
324 302 5
325 5 7
326 325 7
327 325 7
328 5 9
329 326 6
330 326 2
331 328 6
332 329 9
333 328 7
334 328 7
335 327 3
336 331 6
337 331 7
338 334 7
339 326 7
340 334 1
341 337 2
342 340 1
343 328 9
344 336 1
345 330 2
346 338 7
347 334 6
348 346 9
349 326 7
350 6 7
351 350 9
352 351 3
353 352 4
354 6 3
355 354 4
356 354 2
357 351 3
358 357 3
359 6 7
360 355 6
361 354 1
362 354 3
363 362 5
364 355 9
365 363 4
366 353 3
367 365 4
368 362 5
369 358 8
370 362 2
371 369 1
372 366 5
373 365 5
374 350 7
375 7 8
376 375 9
377 376 6
378 377 3
379 375 8
380 7 8
381 379 2
382 378 1
383 7 7
384 7 1
385 375 8
386 7 7
387 381 4
388 376 6
389 376 9
390 379 8
391 380 6
392 375 5
393 392 2
394 377 1
395 381 1
396 392 9
397 389 5
398 393 3
399 387 7
400 8 1
401 8 2
402 8 7
403 402 2
404 400 1
405 404 9
406 404 9
407 400 4
408 403 8
409 407 7
410 402 8
411 402 9
412 402 9
413 409 1
414 408 6
415 409 9
416 409 8
417 416 7
418 407 9
419 8 4
420 404 2
421 406 2
422 411 5
423 414 3
424 408 8
425 9 8
426 425 5
427 425 4
428 426 2
429 428 4
430 9 8
431 425 6
432 9 6
433 428 3
434 433 8
435 433 5
436 434 7
437 436 9
438 435 7
439 437 2
440 431 1
441 427 2
442 441 5
443 431 7
444 441 4
445 427 3
446 437 1
447 437 4
448 431 4
449 448 8
450 10 7
451 10 3
452 450 1
453 452 9
454 450 2
455 10 6
456 455 2
457 455 2
458 454 9
459 453 1
460 450 2
461 10 4
462 461 8
463 454 6
464 452 5
465 10 3
466 461 4
467 460 9
468 10 2
469 458 9
470 456 1
471 461 2
472 458 2
473 461 2
474 462 3
475 11 6
476 11 6
477 476 8
478 11 2
479 11 1
480 475 3
481 478 6
482 477 4
483 480 9
484 477 9
485 479 3
486 11 3
487 477 4
488 480 6
489 478 9
490 477 6
491 486 2
492 491 8
493 489 5
494 484 5
495 485 7
496 495 9
497 485 5
498 486 4
499 481 5
500 12 9
501 500 6
502 500 9
503 501 3
504 502 3
505 504 7
506 501 7
507 504 3
508 505 4
509 507 2
510 500 8
511 508 8
512 507 6
513 501 4
514 512 5
515 513 2
516 512 6
517 504 9
518 501 7
519 514 7
520 506 4
521 506 6
522 514 9
523 501 6
524 506 6
525 13 7
526 13 4
527 13 1
528 527 6
529 13 3
530 13 9
531 526 8
532 526 7
533 532 3
534 528 4
535 533 6
536 533 2
537 532 9
538 528 2
539 535 9
540 530 9
541 530 1
542 525 8
543 528 9
544 529 4
545 536 1
546 525 1
547 529 1
548 532 7
549 528 8
550 14 7
551 550 7
552 551 9
553 551 4
554 551 2
555 553 6
556 553 6
557 553 7
558 550 5
559 558 1
560 554 9
561 555 1
562 556 1
563 558 2
564 558 3
565 559 8
566 562 2
567 559 7
568 564 2
569 555 1
570 551 4
571 561 7
572 553 9
573 554 7
574 14 5
575 15 2
576 575 3
577 15 1
578 15 3
579 576 9
580 579 2
581 15 3
582 15 2
583 575 3
584 578 5
585 584 3
586 585 8
587 582 2
588 579 3
589 584 9
590 15 6
591 585 1
592 584 4
593 587 2
594 584 2
595 575 5
596 595 2
597 596 9
598 586 3
599 598 2
600 16 8
601 600 2
602 600 3
603 16 4
604 602 5
605 604 9
606 16 3
607 606 9
608 602 3
609 16 6
610 605 4
611 610 1
612 606 6
613 601 5
614 613 4
615 607 6
616 611 3
617 604 7
618 603 6
619 611 4
620 613 4
621 613 5
622 602 6
623 612 3
624 602 2
625 17 8
626 625 8
627 626 7
628 625 1
629 17 8
630 629 3
631 628 1
632 625 7
633 631 7
634 625 8
635 630 2
636 635 7
637 633 2
638 635 7
639 629 7
640 639 6
641 632 8
642 633 6
643 632 4
644 637 8
645 641 6
646 635 2
647 640 8
648 626 2
649 636 6
650 18 3
651 650 2
652 651 1
653 651 7
654 650 6
655 652 2
656 650 5
657 650 8
658 650 3
659 656 7
660 655 6
661 652 4
662 657 6
663 650 4
664 651 1
665 660 7
666 656 5
667 662 1
668 661 2
669 656 3
670 662 6
671 665 1
672 655 1
673 661 1
674 663 3
675 19 7
676 19 8
677 675 9
678 677 6
679 678 5
680 677 4
681 678 1
682 681 6
683 678 5
684 679 6
685 684 6
686 676 5
687 680 9
688 682 1
689 683 5
690 678 6
691 689 5
692 678 9
693 678 9
694 687 7
695 692 9
696 688 4
697 694 4
698 679 2
699 692 8
700 20 3
701 700 4
702 700 2
703 20 1
704 20 7
705 20 8
706 704 8
707 701 2
708 702 8
709 707 2
710 705 2
711 20 9
712 704 5
713 712 5
714 700 8
715 710 3
716 709 8
717 709 6
718 715 2
719 714 3
720 714 7
721 719 7
722 713 1
723 716 6
724 702 1
725 21 2
726 21 8
727 726 8
728 726 7
729 727 3
730 21 3
731 729 8
732 727 4
733 731 9
734 21 9
735 733 7
736 730 6
737 727 3
738 734 6
739 725 5
740 736 1
741 725 9
742 729 7
743 21 2
744 730 9
745 734 7
746 741 9
747 739 8
748 731 4
749 730 3
750 22 4
751 750 9
752 751 1
753 22 5
754 752 4
755 750 2
756 752 8
757 755 1
758 750 6
759 756 1
760 755 2
761 753 7
762 754 8
763 761 3
764 755 1
765 761 2
766 762 3
767 764 9
768 761 4
769 761 7
770 761 3
771 757 2
772 755 2
773 767 3
774 760 5
775 23 6
776 23 3
777 776 6
778 777 6
779 775 2
780 23 6
781 779 5
782 775 9
783 23 5
784 783 9
785 781 9
786 776 6
787 778 1
788 779 2
789 785 3
790 780 3
791 781 6
792 778 6
793 781 6
794 780 7
795 778 7
796 786 6
797 777 6
798 796 1
799 778 9
800 24 1
801 24 3
802 24 3
803 801 7
804 803 7
805 800 3
806 804 7
807 800 5
808 803 6
809 804 6
810 803 8
811 804 3
812 810 4
813 805 3
814 805 2
815 24 4
816 811 9
817 813 8
818 802 2
819 812 2
820 24 6
821 815 1
822 813 5
823 800 1
824 809 5
825 25 9
826 825 6
827 25 8
828 825 6
829 826 7
830 826 3
831 829 1
832 825 1
833 830 7
834 832 6
835 827 4
836 825 5
837 833 6
838 835 1
839 25 7
840 833 8
841 839 9
842 840 9
843 831 3
844 827 2
845 841 5
846 841 8
847 828 4
848 847 6
849 839 9
850 26 3
851 850 9
852 850 4
853 26 3
854 853 5
855 850 1
856 852 8
857 853 2
858 856 1
859 858 6
860 26 1
861 856 6
862 859 8
863 856 7
864 854 6
865 859 4
866 857 8
867 859 1
868 850 5
869 866 4
870 865 5
871 861 6
872 856 8
873 867 9
874 851 7
875 27 1
876 875 2
877 27 7
878 27 8
879 878 7
880 879 2
881 876 5
882 878 2
883 27 7
884 876 7
885 884 4
886 884 5
887 886 8
888 876 7
889 882 5
890 888 9
891 880 4
892 891 5
893 886 4
894 892 9
895 885 2
896 883 3
897 882 8
898 890 7
899 879 4
900 28 3
901 28 2
902 900 1
903 902 3
904 902 7
905 901 5
906 902 4
907 906 7
908 902 1
909 906 8
910 907 6
911 904 5
912 900 5
913 911 1
914 912 1
915 903 2
916 909 1
917 916 1
918 903 8
919 904 7
920 915 4
921 908 8
922 919 4
923 28 4
924 919 3
925 29 7
926 29 8
927 925 4
928 29 6
929 926 3
930 29 9
931 928 9
932 928 5
933 926 9
934 927 1
935 929 7
936 929 8
937 932 1
938 937 4
939 937 2
940 929 9
941 935 4
942 940 4
943 930 8
944 942 4
945 931 9
946 933 4
947 940 9
948 925 7
949 940 1
950 30 9
951 950 9
952 950 3
953 952 4
954 950 9
955 952 9
956 952 4
957 956 9
958 30 2
959 951 4
960 957 8
961 954 3
962 956 5
963 952 2
964 953 1
965 962 7
966 955 5
967 957 6
968 967 8
969 957 8
970 952 9
971 963 6
972 969 3
973 960 9
974 962 3
975 31 3
976 975 4
977 31 2
978 975 4
979 978 3
980 976 9
981 975 1
982 31 3
983 981 9
984 982 3
985 976 8
986 985 2
987 978 4
988 986 2
989 979 8
990 981 1
991 990 4
992 990 6
993 988 6
994 992 8
995 991 7
996 988 8
997 988 2
998 976 4
999 987 7
1000 32 4
1001 32 1
1002 32 3
1003 1001 1
1004 1000 5
1005 1002 6
1006 1004 9
1007 1005 5
1008 1001 9
1009 1002 6
1010 32 1
1011 1010 1
1012 1008 8
1013 1012 6
1014 1006 1
1015 32 2
1016 1006 7
1017 1002 5
1018 1007 9
1019 1018 4
1020 1013 7
1021 1009 1
1022 1005 2
1023 1004 6
1024 1014 7
1025 33 4
1026 1025 8
1027 33 3
1028 33 1
1029 1025 2
1030 1029 2
1031 1026 3
1032 1031 4
1033 1029 5
1034 33 7
1035 1027 1
1036 1035 6
1037 1027 9
1038 1034 4
1039 1035 5
1040 1036 3
1041 1028 4
1042 1035 6
1043 1041 3
1044 1037 2
1045 1031 8
1046 1026 8
1047 1040 8
1048 1026 8
1049 1027 7
1050 34 4
1051 34 8
1052 1051 5
1053 1051 3
1054 1052 5
1055 1050 4
1056 1053 4
1057 1051 1
1058 1057 1
1059 1057 4
1060 1051 7
1061 1056 5
1062 1058 6
1063 1061 9
1064 1051 5
1065 1054 1
1066 1056 7
1067 1059 3
1068 34 1
1069 1055 9
1070 1058 1
1071 34 2
1072 1055 5
1073 1054 6
1074 1053 2
1075 35 8
1076 35 6
1077 1076 3
1078 35 3
1079 1077 5
1080 1076 6
1081 1075 7
1082 1081 9
1083 1078 4
1084 1081 1
1085 1079 5
1086 35 3
1087 1077 9
1088 1078 3
1089 1080 8
1090 1075 6
1091 1081 8
1092 1089 7
1093 1086 3
1094 1086 8
1095 1091 5
1096 1080 8
1097 1094 8
1098 1078 6
1099 1089 9
1100 36 2
1101 1100 1
1102 1100 7
1103 1100 6
1104 1100 3
1105 1101 1
1106 36 8
1107 1104 9
1108 1107 2
1109 1101 1
1110 1108 5
1111 1102 4
1112 1105 7
1113 1111 7
1114 1106 7
1115 1103 8
1116 1101 3
1117 1106 8
1118 1108 4
1119 1108 5
1120 1118 9
1121 1110 7
1122 36 4
1123 1104 9
1124 1112 6
1125 37 2
1126 1125 7
1127 1126 9
1128 1125 4
1129 37 1
1130 37 2
1131 1127 8
1132 1126 2
1133 1127 3
1134 1131 6
1135 1131 9
1136 1132 4
1137 1136 5
1138 1126 4
1139 1135 6
1140 1130 8
1141 1127 2
1142 1131 6
1143 1141 3
1144 1128 8
1145 37 7
1146 1129 1
1147 1143 6
1148 1136 8
1149 1144 7
1150 38 7
1151 38 1
1152 1151 9
1153 38 7
1154 1151 3
1155 1154 3
1156 1153 4
1157 1152 5
1158 38 1
1159 1154 4
1160 1154 4
1161 1158 1
1162 1152 1
1163 1159 1
1164 1154 2
1165 1154 5
1166 1160 1
1167 1154 5
1168 1166 6
1169 1158 1
1170 1153 6
1171 1170 3
1172 1162 4
1173 1169 8
1174 1167 8
1175 39 4
1176 1175 9
1177 39 1
1178 39 8
1179 1175 4
1180 1177 1
1181 1178 9
1182 1176 6
1183 1176 6
1184 1180 4
1185 1179 6
1186 1180 9
1187 1178 6
1188 1180 8
1189 1177 5
1190 1186 6
1191 1177 7
1192 1185 6
1193 1190 3
1194 1179 9
1195 1181 4
1196 1188 8
1197 1186 5
1198 1181 3
1199 1179 7
1200 40 4
1201 1200 1
1202 1201 3
1203 40 5
1204 1200 5
1205 1201 8
1206 1202 9
1207 40 6
1208 1206 2
1209 1208 2
1210 1201 9
1211 40 7
1212 1200 8
1213 1212 1
1214 1212 2
1215 1214 6
1216 1209 6
1217 1202 6
1218 1200 3
1219 1216 9
1220 1201 4
1221 1216 9
1222 1205 5
1223 1205 2
1224 1200 3
1225 41 4
1226 41 9
1227 1225 3
1228 1225 9
1229 1228 9
1230 1228 6
1231 1226 7
1232 1230 2
1233 1228 3
1234 1233 4
1235 1232 4
1236 1229 8
1237 1225 9
1238 1234 9
1239 1234 5
1240 1232 9
1241 1235 6
1242 1234 9
1243 1229 8
1244 1234 2
1245 1234 8
1246 1241 7
1247 41 2
1248 1228 4
1249 1229 8
1250 42 7
1251 1250 4
1252 42 3
1253 1250 7
1254 42 1
1255 1254 6
1256 1251 2
1257 1251 1
1258 1257 9
1259 42 8
1260 1251 8
1261 1251 1
1262 1259 3
1263 1258 6
1264 1255 3
1265 1252 5
1266 1264 7
1267 1254 7
1268 1254 6
1269 1253 2
1270 42 9
1271 1265 3
1272 1261 1
1273 1262 1
1274 1254 7
1275 43 5
1276 43 2
1277 43 3
1278 43 7
1279 1278 6
1280 1275 9
1281 1277 4
1282 1277 8
1283 1276 5
1284 1281 9
1285 1282 1
1286 1284 5
1287 1285 6
1288 1275 8
1289 1279 1
1290 1283 2
1291 1280 3
1292 1278 9
1293 1286 7
1294 43 2
1295 1291 3
1296 1280 8
1297 1276 7
1298 1291 9
1299 1281 4
1300 44 8
1301 44 6
1302 1300 5
1303 1301 2
1304 1303 7
1305 1302 1
1306 1301 8
1307 1303 9
1308 44 3
1309 1300 9
1310 1300 7
1311 1304 4
1312 1303 3
1313 1302 8
1314 1300 1
1315 1308 5
1316 1310 8
1317 44 9
1318 1316 3
1319 1307 4
1320 1302 6
1321 1315 2
1322 1301 1
1323 1303 4
1324 44 3
1325 45 6
1326 1325 7
1327 1326 3
1328 1326 7
1329 45 1
1330 1327 6
1331 1329 1
1332 1325 6
1333 1328 8
1334 1328 9
1335 1329 2
1336 1327 5
1337 1333 7
1338 1334 3
1339 1328 6
1340 1334 9
1341 1338 4
1342 1329 7
1343 1325 5
1344 1339 1
1345 1328 4
1346 1331 4
1347 1327 7
1348 1338 5
1349 1339 5
1350 46 8
1351 1350 5
1352 1350 9
1353 1352 2
1354 46 3
1355 1350 1
1356 1352 8
1357 1352 2
1358 1354 1
1359 1357 4
1360 1353 7
1361 1356 3
1362 1351 2
1363 1351 1
1364 1363 3
1365 1359 1
1366 1361 4
1367 1355 8
1368 1353 6
1369 1358 9
1370 1366 9
1371 1367 1
1372 1353 4
1373 1372 1
1374 1350 4
1375 47 8
1376 1375 1
1377 47 1
1378 1377 3
1379 1375 4
1380 1376 1
1381 1378 6
1382 1379 9
1383 1379 4
1384 1383 9
1385 1383 3
1386 1380 8
1387 1382 9
1388 1386 8
1389 1378 8
1390 1378 6
1391 1381 6
1392 1380 5
1393 47 2
1394 1379 8
1395 1379 7
1396 47 8
1397 1388 6
1398 1393 6
1399 1387 6
1400 48 2
1401 1400 2
1402 48 9
1403 1401 2
1404 1401 6
1405 1400 8
1406 1400 6
1407 1405 5
1408 48 2
1409 1407 2
1410 1408 9
1411 1409 2
1412 1403 7
1413 1407 9
1414 1407 3
1415 1404 1
1416 1401 8
1417 1406 7
1418 1402 7
1419 1410 8
1420 1411 8
1421 1406 3
1422 1405 7
1423 1417 3
1424 1423 5
1425 49 8
1426 49 5
1427 1426 7
1428 49 7
1429 1425 6
1430 49 1
1431 1429 9
1432 1431 8
1433 1430 8
1434 1427 1
1435 1433 4
1436 1428 4
1437 1432 9
1438 1431 3
1439 1431 3
1440 1431 5
1441 49 4
1442 1437 4
1443 1442 2
1444 1432 3
1445 1443 3
1446 1438 9
1447 1442 6
1448 1435 8
1449 1425 8
1450 50 1
1451 1450 8
1452 1451 7
1453 1450 6
1454 1453 5
1455 1451 6
1456 1451 5
1457 1455 3
1458 1450 6
1459 1457 2
1460 1454 6
1461 1453 4
1462 1461 3
1463 1459 3
1464 1455 2
1465 1459 1
1466 1452 9
1467 1453 9
1468 1450 4
1469 1459 6
1470 1469 4
1471 1461 3
1472 1461 3
1473 1470 7
1474 1464 5
1475 51 2
1476 51 5
1477 1476 4
1478 51 4
1479 1477 3
1480 1477 6
1481 1478 4
1482 1479 5
1483 1480 9
1484 1477 4
1485 1483 7
1486 1482 4
1487 1475 6
1488 1487 9
1489 1481 8
1490 1488 8
1491 1484 2
1492 1488 2
1493 1486 7
1494 1480 4
1495 1490 6
1496 1475 4
1497 1495 1
1498 1478 5
1499 1495 2
1500 52 9
1501 52 3
1502 1501 3
1503 1502 1
1504 1502 4
1505 1503 7
1506 1503 6
1507 52 2
1508 1503 6
1509 52 8
1510 1509 1
1511 1501 5
1512 1502 7
1513 1503 9
1514 1508 6
1515 1500 7
1516 1501 1
1517 1514 1
1518 1510 6
1519 1501 1
1520 1506 3
1521 1518 4
1522 1508 2
1523 1519 4
1524 1505 9
1525 53 5
1526 1525 3
1527 1526 9
1528 1526 1
1529 1525 6
1530 1527 3
1531 1528 1
1532 1530 6
1533 1526 1
1534 1528 6
1535 1534 2
1536 1535 1
1537 1525 3
1538 1536 5
1539 1527 7
1540 1530 8
1541 1538 1
1542 1539 9
1543 1532 3
1544 1532 8
1545 1526 4
1546 1545 2
1547 1526 4
1548 1535 4
1549 1542 9
1550 54 7
1551 1550 6
1552 1551 8
1553 1552 4
1554 1551 2
1555 1554 2
1556 1550 2
1557 1551 8
1558 1552 1
1559 1552 4
1560 54 3
1561 1558 9
1562 1556 5
1563 1552 9
1564 1562 4
1565 1552 9
1566 1559 8
1567 1560 3
1568 1564 3
1569 1556 5
1570 1554 9
1571 1560 3
1572 1567 8
1573 1558 6
1574 1554 7
1575 55 8
1576 55 1
1577 55 1
1578 1576 8
1579 1575 9
1580 1576 6
1581 1579 2
1582 1581 8
1583 1578 2
1584 1579 6
1585 1575 4
1586 1576 1
1587 1577 5
1588 1586 9
1589 1578 3
1590 1586 3
1591 1580 5
1592 1579 7
1593 1587 1
1594 1585 4
1595 1585 1
1596 1580 3
1597 1580 2
1598 1594 6
1599 55 9
1600 56 8
1601 56 9
1602 1600 8
1603 1602 1
1604 1601 7
1605 1600 6
1606 56 8
1607 56 6
1608 1607 1
1609 1604 3
1610 1609 5
1611 1604 6
1612 1605 8
1613 1602 2
1614 1610 1
1615 1613 1
1616 1605 4
1617 1605 6
1618 1616 2
1619 1608 4
1620 1602 8
1621 1612 7
1622 1601 5
1623 1604 5
1624 1600 5
1625 57 5
1626 1625 9
1627 1625 5
1628 1626 4
1629 1625 5
1630 1627 1
1631 1627 1
1632 57 7
1633 1627 5
1634 1631 2
1635 1626 5
1636 1632 3
1637 1628 5
1638 1628 1
1639 1634 8
1640 1634 8
1641 1636 1
1642 1629 9
1643 1626 1
1644 1640 4
1645 1637 1
1646 1625 1
1647 1628 3
1648 1639 6
1649 1635 7
1650 58 6
1651 58 4
1652 1650 6
1653 1652 3
1654 1652 9
1655 1652 4
1656 58 9
1657 58 5
1658 1655 3
1659 1652 5
1660 1658 9
1661 1657 2
1662 1659 8
1663 1651 9
1664 1658 8
1665 1650 6
1666 1659 8
1667 1657 2
1668 1665 8
1669 1651 3
1670 1665 6
1671 1654 5
1672 1659 9
1673 1653 5
1674 1658 2
1675 59 7
1676 1675 1
1677 1675 3
1678 1675 1
1679 59 1
1680 1679 8
1681 1675 6
1682 1677 1
1683 1680 4
1684 1677 4
1685 1679 7
1686 59 7
1687 1678 7
1688 1683 8
1689 1683 9
1690 1688 8
1691 1679 1
1692 1686 7
1693 1692 7
1694 1681 4
1695 1680 7
1696 1693 4
1697 1693 4
1698 1678 2
1699 1677 2
1700 60 2
1701 1700 3
1702 1701 7
1703 1702 9
1704 1701 9
1705 1703 7
1706 1702 2
1707 1706 3
1708 1707 1
1709 1708 7
1710 1706 6
1711 1710 7
1712 60 9
1713 1702 2
1714 1708 7
1715 1705 5
1716 1707 4
1717 60 4
1718 1707 1
1719 1713 3
1720 1714 4
1721 1703 2
1722 1721 9
1723 1712 3
1724 1715 3
1725 61 6
1726 1725 4
1727 61 8
1728 61 7
1729 1725 7
1730 1726 1
1731 1730 9
1732 1725 2
1733 1729 2
1734 1733 5
1735 1734 9
1736 1725 8
1737 1733 8
1738 1731 2
1739 1727 9
1740 1728 3
1741 1732 4
1742 1726 9
1743 1730 2
1744 1728 7
1745 1726 4
1746 1741 8
1747 1743 2
1748 1739 7
1749 1734 6
1750 62 4
1751 62 7
1752 62 9
1753 1751 5
1754 1752 4
1755 1752 5
1756 1753 6
1757 1753 4
1758 1750 3
1759 1758 2
1760 1754 6
1761 1754 5
1762 62 6
1763 1750 2
1764 1751 4
1765 1757 7
1766 1754 8
1767 1753 7
1768 1751 2
1769 1767 2
1770 1761 4
1771 1762 6
1772 1756 8
1773 1767 1
1774 62 3
1775 63 6
1776 1775 5
1777 1776 6
1778 1775 4
1779 1775 5
1780 1778 3
1781 1775 6
1782 1781 1
1783 1775 9
1784 1778 3
1785 1782 7
1786 1785 3
1787 1780 1
1788 1783 3
1789 1785 5
1790 1775 8
1791 63 5
1792 1782 1
1793 1777 3
1794 1783 4
1795 1783 5
1796 1786 7
1797 63 6
1798 1776 2
1799 1792 3
1800 64 9
1801 1800 6
1802 1801 6
1803 1802 9
1804 1802 3
1805 64 1
1806 1804 5
1807 64 1
1808 64 1
1809 1804 2
1810 1802 7
1811 64 8
1812 1801 4
1813 1803 9
1814 64 8
1815 1810 9
1816 1813 2
1817 1811 6
1818 1807 9
1819 1808 7
1820 1806 2
1821 1804 3
1822 1814 1
1823 1802 8
1824 1822 7
1825 65 5
1826 1825 8
1827 1825 6
1828 1826 5
1829 1827 6
1830 1826 6
1831 1825 5
1832 1827 8
1833 1825 5
1834 65 8
1835 1831 4
1836 1831 2
1837 1825 6
1838 1837 2
1839 1836 8
1840 1836 1
1841 1830 8
1842 1826 6
1843 1838 6
1844 1837 1
1845 1829 1
1846 1836 3
1847 1832 8
1848 1842 5
1849 1826 4
1850 66 6
1851 1850 7
1852 1851 4
1853 1850 3
1854 1851 2
1855 1853 7
1856 66 9
1857 1853 1
1858 1853 4
1859 1854 7
1860 1851 1
1861 1858 2
1862 1861 6
1863 1856 4
1864 1856 9
1865 1855 6
1866 1854 2
1867 1865 8
1868 1853 8
1869 1865 4
1870 1851 8
1871 1859 3
1872 1867 3
1873 1870 7
1874 66 2
1875 67 4
1876 67 5
1877 67 6
1878 1877 7
1879 1875 7
1880 67 4
1881 1880 6
1882 1877 6
1883 67 3
1884 1878 9
1885 1883 6
1886 1877 6
1887 1881 5
1888 1878 2
1889 1878 7
1890 1882 2
1891 1887 9
1892 1876 7
1893 1889 8
1894 1877 1
1895 1885 6
1896 1891 1
1897 1886 9
1898 1888 6
1899 1887 2
1900 68 1
1901 68 6
1902 68 6
1903 1902 2
1904 68 6
1905 1903 2
1906 1903 6
1907 1906 4
1908 1907 9
1909 1903 6
1910 1901 8
1911 1909 6
1912 1910 8
1913 1910 9
1914 1900 7
1915 1912 6
1916 1901 4
1917 1913 7
1918 1900 5
1919 1914 9
1920 1900 9
1921 1920 1
1922 1907 1
1923 1916 5
1924 1913 2
1925 69 6
1926 1925 9
1927 1926 8
1928 1927 7
1929 1928 2
1930 69 3
1931 1926 8
1932 69 4
1933 1928 1
1934 1925 7
1935 1928 1
1936 1931 3
1937 1931 3
1938 1935 2
1939 1925 3
1940 1928 1
1941 1939 8
1942 1929 1
1943 1936 6
1944 1934 5
1945 1937 4
1946 1927 8
1947 1929 5
1948 1931 9
1949 1935 1
1950 70 3
1951 70 1
1952 1950 2
1953 1951 2
1954 70 3
1955 1952 8
1956 1955 6
1957 1955 1
1958 1956 2
1959 1957 2
1960 1951 4
1961 1958 1
1962 1956 1
1963 1950 7
1964 70 1
1965 1950 7
1966 1965 9
1967 1950 9
1968 1962 4
1969 1962 5
1970 1952 4
1971 1967 9
1972 1961 1
1973 1958 1
1974 1953 8
1975 71 7
1976 71 3
1977 1976 2
1978 71 3
1979 1976 6
1980 1979 8
1981 1980 3
1982 1976 2
1983 1975 3
1984 1981 3
1985 1982 6
1986 1985 4
1987 1976 4
1988 1977 5
1989 1976 7
1990 1980 9
1991 1989 4
1992 71 4
1993 1989 6
1994 1992 5
1995 1983 8
1996 1981 8
1997 1986 5
1998 1990 7
1999 1983 1
2000 72 6
2001 2000 4
2002 2000 6
2003 72 1
2004 2003 6
2005 2004 5
2006 2004 1
2007 2003 4
2008 2004 5
2009 2001 5
2010 72 1
2011 72 1
2012 2006 2
2013 2002 2
2014 2001 2
2015 2001 8
2016 2008 1
2017 2007 4
2018 2008 4
2019 2005 6
2020 2003 7
2021 2004 8
2022 2015 7
2023 2003 9
2024 2000 1
2025 73 6
2026 73 9
2027 73 5
2028 2025 7
2029 2025 4
2030 2029 2
2031 2029 5
2032 2028 2
2033 2031 7
2034 2027 6
2035 2029 9
2036 2029 2
2037 2030 3
2038 2026 9
2039 73 4
2040 2032 5
2041 2034 3
2042 2028 6
2043 2040 5
2044 2034 9
2045 2026 9
2046 2039 1
2047 2035 2
2048 73 2
2049 73 3
2050 74 4
2051 2050 2
2052 2051 3
2053 74 5
2054 2050 3
2055 2053 2
2056 2053 1
2057 2051 9
2058 2054 3
2059 2056 5
2060 2052 5
2061 2057 8
2062 2057 7
2063 2053 3
2064 2059 2
2065 2056 8
2066 2061 8
2067 2062 1
2068 2066 1
2069 2064 6
2070 2057 8
2071 2059 8
2072 2061 8
2073 2063 8
2074 2052 3
2075 75 5
2076 75 3
2077 75 9
2078 75 1
2079 2077 7
2080 75 7
2081 2077 6
2082 2075 7
2083 2075 5
2084 2082 4
2085 2075 9
2086 2079 7
2087 2076 3
2088 2078 7
2089 75 4
2090 2075 4
2091 2079 7
2092 2087 3
2093 2078 4
2094 2075 5
2095 2084 8
2096 2086 9
2097 2087 6
2098 2078 8
2099 2079 6
2100 76 5
2101 2100 8
2102 2101 6
2103 2102 4
2104 2102 4
2105 2100 8
2106 2100 1
2107 2102 4
2108 2103 5
2109 2104 2
2110 2106 1
2111 2104 1
2112 2101 6
2113 2101 9
2114 2103 6
2115 2103 1
2116 2115 8
2117 2111 1
2118 2114 2
2119 2109 4
2120 2112 4
2121 2101 7
2122 2116 7
2123 2100 9
2124 2112 4
2125 77 9
2126 2125 9
2127 2126 8
2128 2126 4
2129 2127 2
2130 2125 2
2131 2126 9
2132 2125 7
2133 2129 8
2134 2131 4
2135 2134 7
2136 2130 9
2137 2134 1
2138 2129 2
2139 2125 7
2140 2139 9
2141 2133 3
2142 2133 3
2143 2135 5
2144 2130 3
2145 2135 3
2146 2136 1
2147 2135 4
2148 2139 9
2149 2137 3
2150 78 5
2151 2150 5
2152 78 3
2153 78 2
2154 2152 7
2155 2154 3
2156 2155 6
2157 78 6
2158 2157 4
2159 2155 3
2160 78 5
2161 2155 6
2162 78 7
2163 2158 5
2164 2152 5
2165 2157 1
2166 2164 6
2167 2166 2
2168 2158 6
2169 2155 4
2170 2155 6
2171 2151 9
2172 2165 9
2173 2161 6
2174 2160 9
2175 79 1
2176 2175 5
2177 79 7
2178 2176 8
2179 79 5
2180 2178 8
2181 79 5
2182 2175 3
2183 2178 8
2184 2176 4
2185 2183 4
2186 2182 5
2187 2184 4
2188 2182 1
2189 2185 9
2190 2187 1
2191 2180 8
2192 79 3
2193 2180 5
2194 2188 8
2195 2187 6
2196 2176 9
2197 2187 2
2198 2175 8
2199 2187 7
2200 80 9
2201 2200 3
2202 80 6
2203 2201 8
2204 2201 4
2205 80 7
2206 2204 1
2207 2206 4
2208 2202 9
2209 2205 5
2210 2201 3
2211 2210 3
2212 2210 3
2213 2208 2
2214 2209 2
2215 2204 8
2216 80 5
2217 2216 9
2218 2210 1
2219 2200 6
2220 2210 7
2221 2208 6
2222 2217 3
2223 2210 3
2224 2218 9
2225 81 8
2226 2225 5
2227 2225 6
2228 2225 5
2229 2225 2
2230 2228 9
2231 2227 9
2232 2231 1
2233 2227 3
2234 2229 7
2235 2228 6
2236 2225 6
2237 2229 4
2238 2226 5
2239 2231 8
2240 2229 6
2241 2231 7
2242 2235 8
2243 2229 8
2244 2236 3
2245 2231 3
2246 2230 8
2247 2226 1
2248 2246 5
2249 2242 4
2250 82 5
2251 82 8
2252 2251 7
2253 2252 8
2254 2252 3
2255 2251 9
2256 82 5
2257 2251 5
2258 2255 1
2259 2253 8
2260 2250 5
2261 82 7
2262 2259 1
2263 2256 8
2264 2260 7
2265 2255 5
2266 2251 6
2267 2258 5
2268 2262 6
2269 2261 3
2270 2250 9
2271 2265 6
2272 2252 7
2273 2251 3
2274 2272 1
2275 83 5
2276 83 1
2277 2275 5
2278 83 8
2279 83 8
2280 2275 1
2281 2279 6
2282 2276 2
2283 2280 6
2284 2277 5
2285 2281 7
2286 2280 8
2287 2279 5
2288 2277 4
2289 2277 8
2290 2280 2
2291 2285 6
2292 2287 6
2293 2291 6
2294 2293 2
2295 2276 4
2296 2287 6
2297 2295 5
2298 2280 2
2299 2279 3
2300 84 6
2301 84 3
2302 2301 3
2303 84 3
2304 2300 5
2305 2300 7
2306 2303 9
2307 2302 4
2308 2307 2
2309 2302 3
2310 2301 9
2311 2302 2
2312 84 3
2313 2301 6
2314 2310 5
2315 2311 7
2316 2314 3
2317 2300 9
2318 2307 8
2319 2316 6
2320 2315 7
2321 2304 3
2322 2300 6
2323 2313 5
2324 2312 1
2325 85 7
2326 2325 6
2327 85 1
2328 2326 3
2329 2325 5
2330 2325 5
2331 2327 3
2332 2330 3
2333 2327 2
2334 2325 8
2335 2329 2
2336 2333 4
2337 2336 6
2338 2326 8
2339 2332 2
2340 2333 2
2341 2325 1
2342 2331 6
2343 2327 8
2344 85 9
2345 2327 6
2346 2339 5
2347 2332 6
2348 2331 4
2349 2340 5
2350 86 1
2351 2350 2
2352 2351 7
2353 2350 5
2354 2351 9
2355 2353 6
2356 2352 6
2357 2354 8
2358 2354 6
2359 2351 8
2360 2351 8
2361 2352 4
2362 2358 9
2363 2353 6
2364 2356 9
2365 2351 4
2366 2361 7
2367 2357 2
2368 2365 7
2369 2354 2
2370 2354 1
2371 2356 7
2372 2354 2
2373 2354 9
2374 2367 1
2375 87 7
2376 87 5
2377 2375 9
2378 2377 3
2379 2378 4
2380 87 3
2381 2375 6
2382 2381 3
2383 2376 1
2384 2377 3
2385 2383 6
2386 2383 3
2387 2384 1
2388 2376 1
2389 2376 5
2390 2388 9
2391 2388 1
2392 2391 6
2393 2383 7
2394 2383 5
2395 2378 5
2396 2380 8
2397 2380 3
2398 2387 9
2399 2388 6
2400 88 5
2401 88 1
2402 88 1
2403 2402 5
2404 2401 9
2405 2404 8
2406 2402 8
2407 2402 3
2408 2407 4
2409 2406 9
2410 2408 9
2411 2406 9
2412 88 6
2413 2411 8
2414 2412 8
2415 2411 7
2416 2411 6
2417 2407 5
2418 2405 6
2419 2401 4
2420 2410 6
2421 2418 2
2422 2401 8
2423 2401 6
2424 2417 2
2425 89 4
2426 89 6
2427 2425 4
2428 89 8
2429 89 5
2430 2428 2
2431 2428 4
2432 89 3
2433 2431 8
2434 2429 9
2435 2429 8
2436 2431 4
2437 2431 1
2438 2434 4
2439 2427 6
2440 2436 8
2441 2439 6
2442 89 5
2443 2426 8
2444 2427 9
2445 2427 9
2446 2445 7
2447 2444 4
2448 2439 8
2449 2429 1
2450 90 8
2451 90 9
2452 90 1
2453 2452 2
2454 2453 5
2455 2450 3
2456 90 9
2457 2453 2
2458 2454 6
2459 2454 3
2460 2451 2
2461 2460 2
2462 2459 6
2463 2462 2
2464 2458 1
2465 2458 5
2466 2460 7
2467 2466 8
2468 2451 2
2469 90 3
2470 2459 6
2471 2461 2
2472 2467 6
2473 2452 3
2474 2450 5
2475 91 4
2476 91 2
2477 91 2
2478 2476 1
2479 2478 1
2480 2476 7
2481 2480 3
2482 2478 9
2483 2475 1
2484 2480 2
2485 2478 9
2486 2479 7
2487 2476 3
2488 2476 4
2489 2476 5
2490 2479 9
2491 2481 8
2492 2486 5
2493 2479 2
2494 2493 3
2495 2480 9
2496 2480 6
2497 91 7
2498 2490 4
2499 2483 5
2500 92 1
2501 2500 4
2502 2500 1
2503 2501 7
2504 2503 3
2505 2501 4
2506 92 5
2507 2502 7
2508 2507 9
2509 2504 8
2510 2507 3
2511 2506 9
2512 2507 2
2513 2512 4
2514 2505 5
2515 2505 5
2516 92 2
2517 2513 1
2518 2502 4
2519 2512 6
2520 2508 1
2521 2502 8
2522 2517 9
2523 2502 8
2524 2523 2
2525 93 8
2526 93 3
2527 2525 6
2528 93 2
2529 2527 3
2530 2526 2
2531 2529 6
2532 2530 5
2533 2526 6
2534 2526 2
2535 2529 7
2536 2526 4
2537 2533 7
2538 2525 2
2539 2537 4
2540 93 5
2541 2534 7
2542 2538 6
2543 2533 4
2544 2535 9
2545 2534 8
2546 2535 3
2547 2538 4
2548 2537 3
2549 2539 4
2550 94 4
2551 94 9
2552 94 5
2553 2550 5
2554 2552 2
2555 94 8
2556 2555 2
2557 2550 3
2558 2552 3
2559 2556 1
2560 2557 6
2561 2558 4
2562 2552 2
2563 2562 5
2564 2562 1
2565 2562 1
2566 2559 6
2567 2552 3
2568 2561 4
2569 2564 5
2570 2560 1
2571 2553 5
2572 2570 3
2573 2567 4
2574 2553 5
2575 95 3
2576 95 1
2577 2575 5
2578 95 4
2579 2575 9
2580 2575 3
2581 2575 1
2582 2581 5
2583 2581 2
2584 2575 1
2585 95 8
2586 2581 3
2587 2577 8
2588 2583 5
2589 2580 2
2590 95 4
2591 2581 6
2592 95 9
2593 2588 5
2594 2580 3
2595 2592 2
2596 2584 1
2597 2587 1
2598 2576 7
2599 2582 5
2600 96 1
2601 96 4
2602 96 4
2603 2600 3
2604 2602 1
2605 96 5
2606 2600 2
2607 2604 4
2608 96 3
2609 2606 1
2610 2605 7
2611 2607 4
2612 2611 4
2613 2608 6
2614 2605 1
2615 2603 3
2616 2612 6
2617 2610 1
2618 2616 5
2619 2602 2
2620 2600 8
2621 2602 9
2622 2612 3
2623 2603 7
2624 96 9
2625 97 5
2626 2625 5
2627 2625 8
2628 2626 3
2629 2625 8
2630 2625 1
2631 2627 8
2632 2629 3
2633 2632 1
2634 2626 8
2635 2632 1
2636 2632 2
2637 2626 8
2638 2627 3
2639 2636 5
2640 97 9
2641 2630 9
2642 2634 2
2643 2628 5
2644 2634 3
2645 2630 2
2646 2628 3
2647 2640 3
2648 97 8
2649 2642 7
2650 98 6
2651 2650 7
2652 98 2
2653 98 9
2654 2652 2
2655 2653 9
2656 2652 7
2657 2656 3
2658 2657 8
2659 2652 3
2660 2651 8
2661 98 9
2662 2656 6
2663 2657 2
2664 2661 4
2665 2657 8
2666 2665 5
2667 2657 8
2668 2664 2
2669 2657 1
2670 2660 8
2671 2655 1
2672 2657 6
2673 2660 6
2674 2652 8
2675 99 2
2676 99 1
2677 99 4
2678 2677 3
2679 2677 2
2680 2676 5
2681 2679 6
2682 2679 9
2683 99 7
2684 2681 4
2685 2676 2
2686 2683 4
2687 2683 9
2688 2682 7
2689 2687 3
2690 2683 4
2691 2683 2
2692 2681 1
2693 2690 2
2694 2691 1
2695 2689 7
2696 2687 1
2697 2693 4
2698 2684 2
2699 2685 1
2700 100 5
2701 2700 4
2702 100 1
2703 100 3
2704 2703 2
2705 2703 5
2706 2702 7
2707 100 9
2708 100 6
2709 2703 2
2710 2700 3
2711 2709 2
2712 2703 5
2713 2705 7
2714 2706 6
2715 2711 9
2716 2712 3
2717 2716 7
2718 2706 5
2719 2716 8
2720 2714 8
2721 2708 2
2722 2715 6
2723 2709 9
2724 2702 8
2725 101 2
2726 2725 4
2727 2726 9
2728 2725 6
2729 2726 5
2730 2726 8
2731 2725 4
2732 2728 8
2733 2732 8
2734 2732 9
2735 2728 4
2736 2727 8
2737 101 2
2738 2734 7
2739 2737 1
2740 2729 1
2741 2730 9
2742 101 4
2743 2736 6
2744 2730 7
2745 2725 3
2746 2732 6
2747 2742 4
2748 2742 7
2749 2733 6
2750 102 3
2751 2750 2
2752 2751 6
2753 2750 7
2754 102 2
2755 2750 9
2756 102 6
2757 2751 3
2758 2750 1
2759 2756 4
2760 2752 4
2761 102 4
2762 2760 1
2763 2759 9
2764 2754 2
2765 2759 7
2766 2756 7
2767 2764 4
2768 2755 4
2769 102 6
2770 2753 3
2771 2754 5
2772 2760 9
2773 102 2
2774 2754 4
2775 103 3
2776 103 9
2777 2775 8
2778 103 8
2779 2775 8
2780 2777 8
2781 2780 6
2782 2775 1
2783 103 2
2784 2783 9
2785 2775 9
2786 2776 8
2787 2780 5
2788 2787 9
2789 2775 1
2790 2781 9
2791 2776 5
2792 2790 1
2793 2790 4
2794 2789 3
2795 2784 6
2796 2782 8
2797 2793 6
2798 2789 3
2799 2785 8
2800 104 5
2801 2800 8
2802 2801 9
2803 104 5
2804 2800 4
2805 2804 7
2806 2805 9
2807 2806 7
2808 104 8
2809 104 6
2810 2801 2
2811 2810 6
2812 2807 8
2813 2804 4
2814 2806 4
2815 2813 8
2816 2814 7
2817 2812 2
2818 2812 8
2819 2801 7
2820 2816 5
2821 2803 5
2822 2804 5
2823 2806 4
2824 2813 7
2825 105 9
2826 105 4
2827 2825 2
2828 105 3
2829 2828 8
2830 2826 9
2831 2826 9
2832 2825 5
2833 2828 6
2834 2833 9
2835 2827 8
2836 2831 9
2837 2827 6
2838 2830 3
2839 2825 8
2840 2828 8
2841 2832 2
2842 2826 1
2843 2825 6
2844 2830 8
2845 2839 6
2846 2826 1
2847 2828 9
2848 2845 4
2849 105 4
2850 106 5
2851 2850 7
2852 106 5
2853 2851 2
2854 2853 1
2855 2854 6
2856 2851 4
2857 106 8
2858 2855 6
2859 2854 5
2860 2858 4
2861 2851 6
2862 2856 1
2863 2862 5
2864 2854 8
2865 2860 7
2866 2863 1
2867 2864 2
2868 2867 9
2869 2862 4
2870 2855 5
2871 2859 8
2872 2866 7
2873 2857 1
2874 2865 3
2875 107 7
2876 107 3
2877 107 6
2878 2875 4
2879 2875 3
2880 2876 6
2881 2877 9
2882 2878 5
2883 2879 2
2884 2882 6
2885 2879 3
2886 2881 1
2887 2877 3
2888 2878 5
2889 2883 4
2890 2889 2
2891 2883 2
2892 2881 2
2893 107 1
2894 2888 9
2895 2893 1
2896 2894 8
2897 2890 7
2898 2881 8
2899 2889 7
2900 108 5
2901 2900 8
2902 2901 7
2903 2900 9
2904 108 5
2905 2901 6
2906 2904 7
2907 2902 1
2908 2902 8
2909 2907 1
2910 2903 9
2911 2906 8
2912 2905 7
2913 2900 1
2914 2902 2
2915 2902 7
2916 2913 1
2917 2900 6
2918 2914 8
2919 2908 8
2920 2919 5
2921 2919 2
2922 2906 1
2923 2906 8
2924 2910 4
2925 109 8
2926 109 1
2927 2926 8
2928 2926 5
2929 2927 6
2930 2927 6
2931 2927 9
2932 109 9
2933 109 1
2934 2933 1
2935 2932 9
2936 2928 9
2937 2928 3
2938 2926 8
2939 2926 8
2940 2925 6
2941 2939 3
2942 2929 6
2943 2931 7
2944 2940 1
2945 2940 5
2946 2939 3
2947 2926 5
2948 2944 2
2949 2945 8
2950 110 6
2951 110 4
2952 2951 7
2953 2951 8
2954 110 2
2955 2950 5
2956 2952 7
2957 2952 6
2958 2955 3
2959 2952 6
2960 2951 2
2961 2956 7
2962 2953 2
2963 2961 2
2964 2950 5
2965 2954 4
2966 110 6
2967 2957 3
2968 2950 8
2969 2960 2
2970 2953 5
2971 2951 8
2972 2955 4
2973 2951 1
2974 2964 6
2975 111 7
2976 2975 2
2977 111 3
2978 2975 2
2979 2977 3
2980 111 8
2981 2978 1
2982 2980 4
2983 2975 9
2984 2980 7
2985 2979 3
2986 2975 3
2987 2986 8
2988 2981 3
2989 2979 7
2990 2982 7
2991 2988 5
2992 2977 2
2993 2978 8
2994 2987 8
2995 2976 1
2996 2982 7
2997 2977 4
2998 2990 3
2999 2982 1
3000 112 7
3001 112 2
3002 3001 7
3003 3000 7
3004 3000 3
3005 3000 7
3006 3002 6
3007 3003 1
3008 3001 8
3009 3008 4
3010 3000 1
3011 3005 4
3012 3003 4
3013 3007 1
3014 3008 1
3015 3003 1
3016 3007 6
3017 3010 2
3018 3013 4
3019 112 8
3020 3008 1
3021 3002 5
3022 3016 7
3023 3004 2
3024 3020 9
3025 113 9
3026 113 5
3027 3025 4
3028 3025 5
3029 3026 1
3030 3028 9
3031 113 3
3032 3026 8
3033 3027 1
3034 3032 1
3035 3027 4
3036 3034 6
3037 3033 6
3038 3030 5
3039 113 8
3040 3026 6
3041 3037 4
3042 3031 2
3043 3034 3
3044 3034 8
3045 3040 6
3046 3042 6
3047 3037 3
3048 3026 7
3049 3028 2
3050 114 9
3051 3050 7
3052 3050 5
3053 3052 9
3054 114 5
3055 3054 7
3056 3050 8
3057 3053 9
3058 3056 4
3059 3055 4
3060 3055 6
3061 3052 6
3062 3052 5
3063 3053 2
3064 3053 4
3065 3056 7
3066 3063 9
3067 3050 7
3068 3052 6
3069 3065 1
3070 3064 8
3071 3055 9
3072 3054 5
3073 3063 2
3074 3054 9
3075 115 9
3076 3075 3
3077 115 2
3078 115 5
3079 3075 4
3080 3076 4
3081 3078 3
3082 3079 7
3083 3082 5
3084 3076 6
3085 3083 7
3086 3080 9
3087 3084 1
3088 3083 2
3089 115 4
3090 3085 2
3091 3080 6
3092 3091 4
3093 3091 2
3094 3079 3
3095 3078 6
3096 3089 8
3097 3094 3
3098 3095 2
3099 3096 2
3100 116 3
3101 116 3
3102 3100 7
3103 3102 6
3104 3100 4
3105 116 2
3106 116 5
3107 3106 5
3108 3107 2
3109 3104 2
3110 3104 5
3111 3106 5
3112 3109 2
3113 3100 1
3114 3110 5
3115 3114 2
3116 3100 7
3117 3116 1
3118 3113 3
3119 3112 2
3120 3100 7
3121 3111 1
3122 3121 8
3123 3116 3
3124 3103 9
3125 117 1
3126 117 8
3127 3126 6
3128 3125 6
3129 117 8
3130 117 6
3131 3126 8
3132 3130 1
3133 3129 5
3134 3126 7
3135 3126 6
3136 3129 4
3137 3126 5
3138 3126 4
3139 3135 4
3140 3132 4
3141 3133 1
3142 3129 3
3143 117 6
3144 3128 3
3145 3127 2
3146 3128 8
3147 3133 1
3148 117 3
3149 3129 5
3150 118 6
3151 3150 1
3152 118 2
3153 3151 9
3154 3153 5
3155 3153 6
3156 3153 7
3157 3154 7
3158 3153 6
3159 3155 9
3160 118 9
3161 3159 3
3162 3159 3
3163 3154 9
3164 3163 1
3165 3163 9
3166 118 1
3167 3158 9
3168 3154 4
3169 3160 1
3170 3156 1
3171 3156 8
3172 3154 3
3173 3155 5
3174 3161 6
3175 119 8
3176 3175 4
3177 119 1
3178 3177 8
3179 3178 7
3180 3175 8
3181 3179 8
3182 3178 6
3183 119 4
3184 3175 8
3185 3181 4
3186 3181 5
3187 3178 1
3188 3184 3
3189 3178 6
3190 3185 5
3191 3186 8
3192 3190 7
3193 3188 5
3194 3190 5
3195 3193 5
3196 3175 1
3197 3179 1
3198 3181 8
3199 3189 4
3200 120 1
3201 120 9
3202 120 1
3203 3200 2
3204 3200 6
3205 120 7
3206 3202 6
3207 3204 3
3208 3205 6
3209 3205 1
3210 3204 1
3211 3209 6
3212 3200 7
3213 3208 3
3214 3213 5
3215 3207 9
3216 3205 2
3217 3210 8
3218 3203 5
3219 3215 5
3220 3217 3
3221 3214 6
3222 3215 8
3223 3207 8
3224 3214 3
3225 121 8
3226 3225 2
3227 3226 2
3228 121 7
3229 3227 9
3230 121 7
3231 3230 4
3232 3231 8
3233 3232 5
3234 3231 4
3235 3230 5
3236 3226 2
3237 3229 3
3238 3235 2
3239 121 1
3240 3237 7
3241 3233 7
3242 3233 5
3243 121 4
3244 121 1
3245 3227 7
3246 3225 2
3247 3226 6
3248 3245 1
3249 3230 9
3250 122 7
3251 122 3
3252 3251 4
3253 122 4
3254 3253 8
3255 3250 2
3256 3250 2
3257 3255 9
3258 3250 8
3259 3250 9
3260 3255 1
3261 3258 6
3262 3251 8
3263 3262 8
3264 3261 5
3265 3250 8
3266 3250 4
3267 3255 9
3268 3255 2
3269 3261 3
3270 3252 3
3271 3265 2
3272 3259 2
3273 3267 2
3274 3272 8
3275 123 1
3276 123 4
3277 123 1
3278 123 5
3279 3278 8
3280 3277 7
3281 3279 1
3282 3279 5
3283 3282 9
3284 3280 3
3285 3276 8
3286 3282 7
3287 3282 3
3288 123 9
3289 3279 1
3290 3286 8
3291 3275 6
3292 3281 1
3293 3291 8
3294 3284 3
3295 3292 3
3296 3283 9
3297 3279 1
3298 3297 5
3299 3284 5
3300 124 6
3301 124 7
3302 124 4
3303 3300 7
3304 3303 1
3305 3302 1
3306 3300 3
3307 3306 3
3308 3300 9
3309 3302 2
3310 3304 9
3311 3307 8
3312 3307 5
3313 3301 4
3314 3306 2
3315 3304 7
3316 124 3
3317 3313 1
3318 3314 4
3319 3314 2
3320 3304 9
3321 3311 3
3322 3310 6
3323 3317 9
3324 3318 3
3325 125 4
3326 125 6
3327 125 3
3328 3327 7
3329 3327 1
3330 3328 7
3331 3330 8
3332 3330 8
3333 125 8
3334 3331 2
3335 125 8
3336 3332 4
3337 125 9
3338 3337 2
3339 3330 8
3340 3327 5
3341 3327 2
3342 3334 4
3343 3336 8
3344 3325 4
3345 3342 2
3346 3335 3
3347 3327 8
3348 3329 6
3349 3343 2
3350 126 1
3351 3350 9
3352 3351 9
3353 3351 4
3354 3351 5
3355 3350 9
3356 3355 5
3357 3352 2
3358 3356 4
3359 3356 2
3360 3350 1
3361 3352 8
3362 3361 8
3363 3357 6
3364 3354 1
3365 3353 8
3366 3351 4
3367 3358 8
3368 3350 9
3369 3352 7
3370 3356 8
3371 3354 2
3372 3356 6
3373 3350 7
3374 3368 8
3375 127 4
3376 127 5
3377 3376 7
3378 3375 9
3379 3378 2
3380 3379 6
3381 3375 8
3382 3376 5
3383 3377 1
3384 3378 4
3385 3381 5
3386 3385 5
3387 3377 6
3388 3382 7
3389 3383 1
3390 3375 2
3391 3377 6
3392 3390 3
3393 3384 7
3394 3391 3
3395 3385 3
3396 3395 8
3397 3383 4
3398 3379 8
3399 3380 7
3400 128 2
3401 3400 2
3402 3401 6
3403 3402 6
3404 3403 8
3405 3402 6
3406 3401 3
3407 3405 5
3408 3401 6
3409 3406 8
3410 3405 4
3411 3404 8
3412 3406 7
3413 3403 9
3414 3403 1
3415 3408 6
3416 3414 7
3417 3408 6
3418 3413 2
3419 3415 9
3420 3402 9
3421 3400 1
3422 3409 8
3423 3412 1
3424 3417 2
3425 129 7
3426 3425 3
3427 3426 6
3428 3426 8
3429 3428 8
3430 129 6
3431 3428 7
3432 3428 3
3433 129 8
3434 3427 3
3435 3426 6
3436 129 7
3437 3434 9
3438 3425 3
3439 3436 5
3440 3426 2
3441 3432 6
3442 129 3
3443 3440 7
3444 3442 4
3445 3444 8
3446 3430 5
3447 3446 6
3448 3447 8
3449 3436 7
3450 130 4
3451 130 1
3452 3451 6
3453 3451 8
3454 130 6
3455 3454 6
3456 130 1
3457 3456 8
3458 3455 6
3459 3455 5
3460 3456 1
3461 3451 8
3462 3459 3
3463 3452 7
3464 3460 9
3465 3455 6
3466 3460 1
3467 3466 3
3468 3457 5
3469 3451 3
3470 3467 2
3471 3454 6
3472 130 4
3473 3462 7
3474 3460 7
3475 131 5
3476 131 6
3477 3476 2
3478 3475 4
3479 3476 3
3480 3476 1
3481 3480 5
3482 3481 7
3483 131 5
3484 3480 9
3485 3476 1
3486 3478 9
3487 3478 7
3488 3486 3
3489 3478 8
3490 3480 1
3491 3490 5
3492 3475 6
3493 3476 9
3494 3485 1
3495 3480 1
3496 3489 9
3497 3492 9
3498 3496 5
3499 3480 7
3500 132 9
3501 132 6
3502 3500 8
3503 3501 3
3504 3500 1
3505 3503 8
3506 3505 9
3507 3502 7
3508 3505 3
3509 132 9
3510 3508 2
3511 3503 6
3512 3503 6
3513 3509 6
3514 3512 7
3515 3511 5
3516 3500 2
3517 3505 5
3518 3511 3
3519 3504 6
3520 3514 6
3521 3511 1
3522 3516 8
3523 3517 2
3524 3519 2
3525 133 1
3526 133 2
3527 3525 6
3528 3526 6
3529 133 6
3530 3528 9
3531 3529 6
3532 3528 4
3533 3532 5
3534 3527 4
3535 3533 8
3536 3525 3
3537 3525 3
3538 3528 8
3539 3530 5
3540 3526 1
3541 3536 3
3542 3535 8
3543 3540 7
3544 3539 3
3545 3544 4
3546 133 1
3547 133 1
3548 3529 4
3549 3547 7
3550 134 9
3551 134 6
3552 134 1
3553 134 7
3554 3552 5
3555 3553 4
3556 3552 6
3557 3555 7
3558 3553 4
3559 3554 5
3560 3553 9
3561 3550 7
3562 3557 3
3563 3556 9
3564 3558 3
3565 3561 7
3566 3564 7
3567 3552 2
3568 3550 8
3569 3559 2
3570 3553 4
3571 3565 1
3572 3553 2
3573 3569 2
3574 3570 1
3575 135 2
3576 135 3
3577 135 7
3578 135 4
3579 3577 1
3580 3577 6
3581 135 9
3582 3575 7
3583 3581 6
3584 3575 3
3585 3582 5
3586 3584 6
3587 135 9
3588 3578 8
3589 3585 2
3590 3581 8
3591 3588 7
3592 3579 9
3593 3581 2
3594 3584 5
3595 3582 9
3596 3587 9
3597 3593 6
3598 3588 6
3599 3586 5
3600 136 3
3601 3600 9
3602 3600 9
3603 3600 8
3604 3601 1
3605 3600 9
3606 3601 5
3607 3605 4
3608 3601 3
3609 3605 4
3610 3607 5
3611 3606 7
3612 3610 6
3613 3607 2
3614 3610 7
3615 3612 8
3616 3606 2
3617 3604 1
3618 3606 1
3619 3609 1
3620 3601 9
3621 136 9
3622 3601 4
3623 3620 1
3624 136 8
3625 137 5
3626 3625 8
3627 3626 6
3628 137 5
3629 137 6
3630 3625 7
3631 3628 5
3632 3627 8
3633 3626 7
3634 3626 2
3635 137 9
3636 137 6
3637 3633 5
3638 3630 7
3639 3637 8
3640 3629 1
3641 3632 1
3642 3626 4
3643 3640 2
3644 3640 3
3645 3634 3
3646 3629 7
3647 3642 1
3648 3635 7
3649 3633 5
3650 138 7
3651 3650 5
3652 3651 4
3653 138 1
3654 138 8
3655 3653 6
3656 3651 7
3657 3650 3
3658 3657 3
3659 3655 8
3660 3654 2
3661 3657 6
3662 3657 6
3663 3655 9
3664 3657 1
3665 3658 2
3666 3656 7
3667 3656 6
3668 3658 1
3669 3660 2
3670 3661 2
3671 3650 5
3672 3661 2
3673 3666 6
3674 138 7
3675 139 2
3676 139 1
3677 3675 1
3678 3677 9
3679 3678 3
3680 3678 7
3681 3680 1
3682 3679 8
3683 3679 9
3684 3683 9
3685 139 3
3686 3678 6
3687 3683 6
3688 3681 5
3689 3681 8
3690 3679 8
3691 3686 7
3692 3688 7
3693 3683 2
3694 3679 4
3695 3694 9
3696 3691 4
3697 139 4
3698 3676 7
3699 3696 5
3700 140 4
3701 3700 8
3702 140 9
3703 140 4
3704 3703 3
3705 140 1
3706 3701 1
3707 3700 3
3708 3703 9
3709 3708 9
3710 3708 9
3711 140 9
3712 3704 9
3713 3703 2
3714 3703 4
3715 3712 9
3716 3701 3
3717 140 8
3718 3700 7
3719 3707 8
3720 3714 5
3721 3708 8
3722 3711 2
3723 3701 3
3724 3703 2
3725 141 3
3726 141 6
3727 3726 6
3728 141 6
3729 3726 1
3730 3728 4
3731 3727 1
3732 3725 1
3733 3728 8
3734 141 4
3735 3726 7
3736 3735 4
3737 3732 7
3738 3735 1
3739 3733 4
3740 3738 7
3741 3733 2
3742 3739 6
3743 3727 6
3744 3738 3
3745 3726 6
3746 3726 7
3747 3745 8
3748 3741 3
3749 3729 9
3750 142 2
3751 3750 2
3752 3750 3
3753 142 5
3754 142 3
3755 3750 2
3756 3752 8
3757 3756 8
3758 142 7
3759 3753 8
3760 3758 2
3761 3750 3
3762 3754 5
3763 142 1
3764 3755 4
3765 3760 7
3766 3756 5
3767 3759 1
3768 3765 1
3769 3754 6
3770 3759 4
3771 3755 1
3772 3757 5
3773 3761 2
3774 3765 4
3775 143 8
3776 143 4
3777 3776 5
3778 3777 9
3779 3778 1
3780 3776 3
3781 3779 5
3782 3778 4
3783 3781 9
3784 3779 7
3785 3779 4
3786 3780 2
3787 3781 4
3788 3780 1
3789 3776 9
3790 3787 8
3791 3775 1
3792 3778 5
3793 3787 8
3794 143 6
3795 3791 5
3796 3789 9
3797 3780 1
3798 3796 4
3799 3775 6
3800 144 8
3801 144 7
3802 3800 9
3803 144 4
3804 3801 5
3805 3803 9
3806 144 2
3807 3806 8
3808 3802 3
3809 3808 7
3810 3801 5
3811 3802 5
3812 3801 9
3813 3810 5
3814 3803 3
3815 3809 6
3816 144 4
3817 3809 7
3818 3803 8
3819 3804 8
3820 3815 8
3821 3820 3
3822 3818 4
3823 3809 3
3824 3808 3
3825 145 8
3826 145 8
3827 3826 9
3828 3827 2
3829 145 8
3830 3828 6
3831 145 7
3832 145 7
3833 3829 1
3834 145 5
3835 3827 5
3836 3825 9
3837 3829 4
3838 3832 4
3839 3831 5
3840 3839 4
3841 3839 6
3842 3833 7
3843 3831 6
3844 3838 1
3845 3827 8
3846 3845 8
3847 3835 2
3848 3827 6
3849 3831 8
3850 146 3
3851 146 7
3852 146 4
3853 3850 2
3854 3852 8
3855 3851 3
3856 3853 7
3857 3855 8
3858 3855 9
3859 3850 7
3860 3857 4
3861 146 6
3862 3858 5
3863 3854 6
3864 3856 9
3865 3852 7
3866 3855 5
3867 3854 7
3868 3862 2
3869 3867 6
3870 3866 4
3871 3851 3
3872 3866 8
3873 3867 3
3874 3865 8
3875 147 1
3876 147 5
3877 3875 5
3878 3875 2
3879 3878 1
3880 3876 3
3881 3880 9
3882 3881 1
3883 3877 2
3884 3875 5
3885 3881 2
3886 3882 7
3887 3876 6
3888 3883 6
3889 3883 5
3890 3883 1
3891 3890 7
3892 3877 3
3893 3880 8
3894 3890 5
3895 3892 8
3896 3879 9
3897 3893 2
3898 3878 6
3899 3883 4
3900 148 3
3901 148 1
3902 3900 4
3903 3901 1
3904 148 6
3905 148 1
3906 3903 5
3907 3905 9
3908 3902 2
3909 3904 7
3910 3907 8
3911 3900 6
3912 3903 9
3913 3906 1
3914 3905 1
3915 3908 8
3916 3914 2
3917 148 3
3918 3910 8
3919 3915 7
3920 3901 6
3921 3919 6
3922 3903 9
3923 3915 8
3924 3914 9
3925 149 5
3926 149 7
3927 3925 9
3928 3926 4
3929 3928 3
3930 3928 2
3931 3926 2
3932 3927 8
3933 3926 6
3934 3930 3
3935 3925 8
3936 3935 4
3937 3930 1
3938 3931 2
3939 3929 3
3940 3937 3
3941 3932 3
3942 3932 3
3943 3931 6
3944 149 1
3945 3938 9
3946 3928 6
3947 3930 4
3948 3925 4
3949 3926 8
3950 150 7
3951 3950 7
3952 3951 7
3953 3950 8
3954 3953 8
3955 3953 7
3956 3951 2
3957 3953 2
3958 3950 4
3959 3954 6
3960 150 5
3961 3959 6
3962 3956 9
3963 3957 1
3964 3956 9
3965 3959 7
3966 3952 2
3967 3960 8
3968 3961 9
3969 3965 2
3970 3960 5
3971 3959 9
3972 3968 7
3973 150 8
3974 3965 8
3975 151 8
3976 151 4
3977 151 7
3978 3975 3
3979 3978 2
3980 3979 6
3981 3978 2
3982 151 7
3983 3976 1
3984 3983 6
3985 3978 4
3986 3980 1
3987 3984 8
3988 3986 2
3989 3981 7
3990 3980 6
3991 3976 2
3992 3991 3
3993 3981 9
3994 3985 3
3995 3975 5
3996 3988 2
3997 3982 6
3998 3991 3
3999 3977 6
4000 152 6
4001 4000 9
4002 4001 3
4003 152 2
4004 4000 1
4005 4003 8
4006 4004 4
4007 152 7
4008 4003 1
4009 4001 4
4010 4004 9
4011 4010 6
4012 4001 1
4013 4010 1
4014 4001 9
4015 4013 3
4016 4015 7
4017 4016 9
4018 4003 7
4019 4002 1
4020 4005 9
4021 4016 2
4022 4000 3
4023 4015 5
4024 4021 3
4025 153 7
4026 4025 1
4027 4025 2
4028 4027 1
4029 4027 9
4030 4027 7
4031 4029 6
4032 153 4
4033 4032 3
4034 153 9
4035 4029 2
4036 4032 2
4037 4030 2
4038 4036 4
4039 4025 8
4040 4026 3
4041 4026 1
4042 4034 3
4043 4041 7
4044 153 5
4045 4034 8
4046 4034 6
4047 4033 3
4048 4047 6
4049 4039 3
4050 154 6
4051 4050 9
4052 154 5
4053 4051 6
4054 4053 3
4055 154 5
4056 154 7
4057 4052 8
4058 4056 5
4059 4054 5
4060 4055 5
4061 4057 7
4062 154 3
4063 4059 5
4064 154 1
4065 4063 6
4066 4059 7
4067 4063 9
4068 4050 8
4069 4061 6
4070 4068 5
4071 154 1
4072 4071 6
4073 4070 6
4074 4073 4
4075 155 8
4076 155 8
4077 4076 8
4078 4075 9
4079 4077 8
4080 4079 1
4081 155 2
4082 155 8
4083 4079 4
4084 4081 8
4085 4075 8
4086 4082 6
4087 4081 5
4088 4082 3
4089 4088 5
4090 4087 2
4091 4077 1
4092 4082 5
4093 4088 3
4094 4076 2
4095 4083 2
4096 4079 7
4097 4091 4
4098 4080 9
4099 4089 5
4100 156 1
4101 4100 5
4102 4101 8
4103 4100 6
4104 4102 1
4105 4101 2
4106 4103 1
4107 4100 9
4108 4102 6
4109 156 1
4110 4108 6
4111 156 3
4112 4106 8
4113 156 4
4114 4101 6
4115 4100 5
4116 4109 1
4117 4109 2
4118 4104 5
4119 4115 5
4120 4104 3
4121 4103 1
4122 4101 9
4123 4108 4
4124 156 6
4125 157 1
4126 4125 7
4127 157 9
4128 157 2
4129 4127 4
4130 157 9
4131 4130 9
4132 4131 4
4133 4128 3
4134 4126 3
4135 4126 5
4136 4127 1
4137 4134 1
4138 4134 6
4139 4128 9
4140 4126 2
4141 4129 1
4142 4131 6
4143 4135 5
4144 4141 3
4145 157 2
4146 4130 1
4147 4144 7
4148 4125 6
4149 4133 8
4150 158 2
4151 4150 8
4152 4150 7
4153 158 3
4154 4150 5
4155 4151 1
4156 4155 6
4157 4150 9
4158 4156 4
4159 4153 1
4160 4150 3
4161 4155 5
4162 4151 7
4163 158 7
4164 4159 7
4165 4154 1
4166 4164 2
4167 4154 1
4168 4157 1
4169 158 3
4170 4154 2
4171 4161 4
4172 4162 6
4173 4170 5
4174 4166 3
4175 159 8
4176 4175 2
4177 4175 6
4178 4175 2
4179 4177 2
4180 4178 5
4181 4180 8
4182 159 6
4183 4176 8
4184 4177 4
4185 159 3
4186 4183 8
4187 4177 6
4188 4187 4
4189 4186 7
4190 4176 1
4191 4184 6
4192 4180 4
4193 4179 7
4194 4176 7
4195 4187 7
4196 4185 7
4197 4185 4
4198 4190 2
4199 4193 4
4200 160 9
4201 160 2
4202 160 9
4203 160 9
4204 160 8
4205 4202 8
4206 4204 8
4207 4200 2
4208 4203 3
4209 4202 2
4210 4205 3
4211 4204 1
4212 4210 2
4213 4205 7
4214 160 1
4215 4208 6
4216 4202 9
4217 4215 3
4218 4207 8
4219 4216 6
4220 4206 6
4221 4205 2
4222 4220 2
4223 4215 6
4224 4205 1
4225 161 8
4226 161 8
4227 4225 6
4228 161 2
4229 4225 3
4230 4225 9
4231 4226 1
4232 4229 1
4233 4230 5
4234 4228 5
4235 4233 7
4236 4234 2
4237 4226 6
4238 4229 2
4239 4226 5
4240 4237 6
4241 4233 3
4242 161 2
4243 4241 5
4244 4227 9
4245 4241 1
4246 4227 6
4247 4231 2
4248 4229 2
4249 4246 1
4250 162 4
4251 162 4
4252 4251 9
4253 162 9
4254 4251 5
4255 4253 5
4256 4251 6
4257 4251 6
4258 162 1
4259 4256 9
4260 4254 1
4261 4251 9
4262 4256 2
4263 4255 6
4264 4258 4
4265 4264 5
4266 4260 6
4267 4261 8
4268 4264 3
4269 4257 9
4270 4251 6
4271 4270 6
4272 4270 3
4273 4256 1
4274 4253 7
4275 163 3
4276 4275 1
4277 4276 1
4278 4277 1
4279 4277 4
4280 163 8
4281 4277 5
4282 4278 6
4283 4277 9
4284 4279 3
4285 4284 4
4286 4281 3
4287 4275 9
4288 4275 4
4289 4282 4
4290 4278 2
4291 4280 3
4292 4283 3
4293 4292 2
4294 4287 4
4295 4286 3
4296 4289 2
4297 4286 6
4298 4281 3
4299 4278 7
4300 164 6
4301 164 3
4302 4300 7
4303 4302 9
4304 4301 2
4305 4304 4
4306 4305 6
4307 4300 6
4308 4300 8
4309 4301 1
4310 4305 4
4311 4305 1
4312 4301 2
4313 4310 8
4314 4308 1
4315 4306 8
4316 4308 1
4317 4300 3
4318 4313 1
4319 4317 4
4320 4309 7
4321 4319 8
4322 4321 1
4323 4320 8
4324 4309 9
4325 165 6
4326 165 9
4327 4325 4
4328 4327 8
4329 4328 5
4330 4329 2
4331 165 4
4332 4331 8
4333 4332 4
4334 4325 9
4335 4329 3
4336 165 1
4337 4336 8
4338 4334 6
4339 4329 5
4340 4331 1
4341 4339 2
4342 4330 1
4343 4337 6
4344 4333 2
4345 4331 5
4346 4326 6
4347 4341 4
4348 4325 6
4349 4345 5
4350 166 2
4351 4350 7
4352 4351 8
4353 4351 9
4354 4353 7
4355 4352 7
4356 166 8
4357 4355 3
4358 4352 3
4359 4358 1
4360 4358 8
4361 4360 9
4362 4357 9
4363 4356 2
4364 4359 2
4365 4364 6
4366 4359 2
4367 4366 6
4368 4360 2
4369 4368 9
4370 4356 4
4371 4364 6
4372 4353 1
4373 4359 9
4374 4353 8
4375 167 7
4376 4375 5
4377 167 8
4378 4376 5
4379 4376 6
4380 4378 4
4381 4375 2
4382 4378 2
4383 4380 5
4384 4377 8
4385 4380 1
4386 4379 1
4387 167 7
4388 4375 2
4389 4384 6
4390 4384 5
4391 4382 3
4392 4378 3
4393 4379 3
4394 4384 4
4395 4387 5
4396 4375 6
4397 4378 2
4398 4378 6
4399 4387 4
4400 168 5
4401 168 5
4402 4400 9
4403 4401 1
4404 4401 1
4405 168 6
4406 4400 6
4407 4401 3
4408 4401 1
4409 4402 8
4410 4409 8
4411 4402 2
4412 4407 1
4413 168 4
4414 4413 2
4415 4404 9
4416 4400 9
4417 4413 7
4418 4401 2
4419 4416 4
4420 4403 6
4421 4412 2
4422 4406 3
4423 168 8
4424 4402 7
4425 169 5
4426 169 7
4427 4425 6
4428 169 9
4429 4428 1
4430 4428 6
4431 4428 8
4432 4430 2
4433 4425 3
4434 4430 2
4435 4425 3
4436 4430 5
4437 4425 6
4438 4435 4
4439 4438 3
4440 4426 8
4441 4437 9
4442 4426 4
4443 4431 6
4444 4432 5
4445 4426 9
4446 4438 9
4447 4426 8
4448 4445 2
4449 4444 3
4450 170 5
4451 4450 1
4452 4450 6
4453 4450 9
4454 4450 4
4455 170 1
4456 4452 2
4457 4454 1
4458 4451 7
4459 4454 2
4460 4459 5
4461 4454 1
4462 4458 5
4463 4458 9
4464 4454 4
4465 4454 7
4466 4456 9
4467 4454 2
4468 4460 5
4469 4452 3
4470 4459 1
4471 4455 4
4472 4453 1
4473 4460 4
4474 4460 4
4475 171 3
4476 171 8
4477 171 9
4478 4476 8
4479 171 1
4480 4476 8
4481 171 3
4482 4481 1
4483 4481 3
4484 4477 8
4485 4479 8
4486 4479 7
4487 4479 6
4488 4477 1
4489 4483 6
4490 4484 6
4491 4479 1
4492 4485 3
4493 4487 9
4494 4489 2
4495 4490 9
4496 4492 3
4497 4477 5
4498 4485 4
4499 4498 8
4500 172 6
4501 172 1
4502 4501 5
4503 4502 9
4504 172 1
4505 4501 6
4506 4500 3
4507 4506 2
4508 4504 2
4509 4500 3
4510 4503 8
4511 4504 6
4512 4509 9
4513 4512 1
4514 4512 6
4515 4512 7
4516 4515 3
4517 4513 6
4518 4505 8
4519 4512 7
4520 4501 2
4521 4513 6
4522 4504 3
4523 4508 5
4524 172 3
4525 173 7
4526 4525 1
4527 4525 5
4528 173 9
4529 4525 2
4530 4528 4
4531 4528 8
4532 173 2
4533 4528 2
4534 4529 9
4535 4527 3
4536 4532 7
4537 4526 9
4538 4526 1
4539 4533 2
4540 4532 1
4541 4538 6
4542 4528 2
4543 4528 3
4544 173 6
4545 4541 6
4546 4545 4
4547 4527 2
4548 4541 7
4549 4544 5
4550 174 9
4551 174 2
4552 174 6
4553 4551 8
4554 4552 6
4555 4554 3
4556 4553 2
4557 4556 8
4558 4556 2
4559 4553 5
4560 4558 6
4561 4555 1
4562 4556 2
4563 4561 1
4564 4557 4
4565 4562 5
4566 4551 7
4567 4565 5
4568 4561 6
4569 4557 9
4570 4565 6
4571 4551 2
4572 4557 7
4573 4565 6
4574 4556 1
4575 175 8
4576 175 5
4577 4575 3
4578 175 3
4579 175 5
4580 4576 5
4581 4575 2
4582 175 3
4583 4582 9
4584 4576 4
4585 4578 2
4586 4582 6
4587 4586 8
4588 4583 6
4589 4585 1
4590 4577 4
4591 4589 6
4592 4589 9
4593 4576 4
4594 4588 9
4595 4587 8
4596 4589 9
4597 4579 5
4598 4590 2
4599 4586 8
4600 176 4
4601 176 4
4602 4601 6
4603 4600 1
4604 4603 5
4605 4600 1
4606 4602 4
4607 4605 5
4608 4607 1
4609 4600 5
4610 176 7
4611 4606 5
4612 4611 8
4613 4606 6
4614 4612 8
4615 4606 8
4616 4614 9
4617 4601 2
4618 4606 3
4619 4600 8
4620 4614 1
4621 4619 7
4622 4616 9
4623 4612 1
4624 4602 3
4625 177 1
4626 4625 1
4627 4626 2
4628 4625 6
4629 4627 8
4630 4625 3
4631 177 2
4632 4628 6
4633 4628 8
4634 4631 4
4635 4626 2
4636 4631 2
4637 177 6
4638 4634 6
4639 4638 3
4640 4629 9
4641 4637 8
4642 4636 5
4643 4635 8
4644 4638 4
4645 4629 9
4646 4636 3
4647 4632 5
4648 4631 5
4649 4628 6
4650 178 1
4651 4650 6
4652 4651 2
4653 4652 7
4654 4651 2
4655 4653 3
4656 178 8
4657 4656 5
4658 178 9
4659 4654 4
4660 4653 6
4661 4658 9
4662 4659 8
4663 4654 9
4664 4654 3
4665 4652 2
4666 4659 2
4667 4652 5
4668 4663 9
4669 4666 1
4670 4668 9
4671 4662 4
4672 4658 6
4673 4661 2
4674 4651 1
4675 179 5
4676 179 9
4677 4675 2
4678 4675 5
4679 4677 1
4680 4677 7
4681 4675 9
4682 4678 6
4683 4676 1
4684 4683 8
4685 4682 6
4686 4675 7
4687 4684 3
4688 4684 3
4689 4687 9
4690 4689 2
4691 4684 8
4692 4691 1
4693 4678 2
4694 4687 9
4695 4680 8
4696 4681 5
4697 4682 4
4698 4679 1
4699 4685 8
4700 180 2
4701 180 1
4702 4700 4
4703 4702 3
4704 180 4
4705 4702 6
4706 4702 5
4707 4703 1
4708 4705 3
4709 4707 2
4710 4700 2
4711 4704 6
4712 4704 8
4713 4701 2
4714 4707 8
4715 4708 1
4716 4710 3
4717 4712 2
4718 4702 3
4719 4712 7
4720 4713 6
4721 4703 4
4722 4708 5
4723 4701 3
4724 4706 8
4725 181 1
4726 181 8
4727 4725 4
4728 4726 6
4729 4727 2
4730 181 4
4731 4730 4
4732 4731 7
4733 4731 2
4734 4733 5
4735 4731 1
4736 4726 3
4737 4732 4
4738 4733 8
4739 4726 9
4740 4730 6
4741 4732 8
4742 4731 3
4743 4738 6
4744 4743 3
4745 4741 3
4746 4730 9
4747 4732 9
4748 4733 6
4749 4746 8
4750 182 1
4751 182 5
4752 4750 7
4753 4752 1
4754 4751 2
4755 4750 1
4756 4755 3
4757 4756 6
4758 4756 8
4759 4757 3
4760 4754 4
4761 4759 3
4762 4755 1
4763 4762 7
4764 4753 1
4765 4756 6
4766 4763 3
4767 4755 5
4768 4763 6
4769 4765 5
4770 4759 3
4771 4770 5
4772 4767 3
4773 4770 9
4774 4761 4
4775 183 8
4776 4775 9
4777 4776 8
4778 183 2
4779 4775 3
4780 4778 4
4781 4777 5
4782 4777 3
4783 4777 8
4784 4778 7
4785 4781 8
4786 4781 5
4787 4786 8
4788 4777 5
4789 4778 7
4790 4789 4
4791 4789 5
4792 4791 4
4793 4791 4
4794 4792 3
4795 4779 7
4796 4789 3
4797 4792 8
4798 4786 9
4799 4786 8
4800 184 4
4801 4800 6
4802 4800 5
4803 4800 4
4804 4800 1
4805 4801 9
4806 4805 7
4807 4801 5
4808 4803 1
4809 4805 1
4810 4800 2
4811 4801 8
4812 4802 4
4813 4803 4
4814 4801 3
4815 4803 8
4816 4802 4
4817 4811 5
4818 4811 3
4819 4804 8
4820 4817 5
4821 4811 4
4822 4805 4
4823 4808 4
4824 4814 3
4825 185 7
4826 4825 1
4827 4826 7
4828 185 8
4829 4826 4
4830 4826 7
4831 4826 6
4832 4826 3
4833 185 2
4834 4827 2
4835 4827 1
4836 4827 9
4837 4825 5
4838 4835 1
4839 4829 9
4840 4836 2
4841 4825 5
4842 4837 1
4843 4834 9
4844 4831 7
4845 4839 9
4846 185 5
4847 4830 4
4848 4835 6
4849 4841 5
4850 186 5
4851 4850 1
4852 4850 1
4853 4851 8
4854 4851 1
4855 4852 5
4856 4853 5
4857 4853 5
4858 4856 4
4859 4856 3
4860 4855 6
4861 4852 7
4862 186 2
4863 4860 6
4864 186 5
4865 4858 3
4866 4863 6
4867 4864 1
4868 4865 4
4869 4868 6
4870 4861 5
4871 4855 1
4872 4854 5
4873 4869 2
4874 4870 8
4875 187 5
4876 187 3
4877 187 2
4878 187 6
4879 4876 1
4880 4878 5
4881 4880 9
4882 4879 2
4883 187 9
4884 4881 5
4885 4884 8
4886 4883 9
4887 4884 5
4888 4882 6
4889 4887 6
4890 4889 5
4891 4877 3
4892 4889 1
4893 4875 4
4894 4884 9
4895 4894 7
4896 4892 8
4897 4888 7
4898 4889 6
4899 4895 7
4900 188 5
4901 4900 8
4902 4900 9
4903 188 7
4904 188 2
4905 4903 6
4906 4905 8
4907 4905 6
4908 4902 1
4909 4907 1
4910 4909 2
4911 4902 3
4912 4902 3
4913 4908 9
4914 4902 4
4915 4911 6
4916 4904 5
4917 4900 4
4918 4912 6
4919 4912 9
4920 4900 8
4921 4906 6
4922 4901 8
4923 4914 1
4924 4901 4
4925 189 6
4926 189 4
4927 4925 5
4928 4926 2
4929 4925 7
4930 4927 6
4931 4928 1
4932 4930 6
4933 189 4
4934 4926 8
4935 4934 4
4936 4925 2
4937 189 2
4938 4931 3
4939 4931 3
4940 4929 2
4941 4930 5
4942 4929 3
4943 4936 8
4944 4932 1
4945 4926 6
4946 4926 7
4947 4944 2
4948 4926 3
4949 4936 7
4950 190 5
4951 4950 4
4952 190 8
4953 4950 5
4954 4953 1
4955 4952 1
4956 4953 1
4957 4955 9
4958 4952 4
4959 4954 3
4960 4950 3
4961 4956 9
4962 4953 7
4963 4955 8
4964 4952 8
4965 4950 4
4966 4950 5
4967 4957 2
4968 4955 4
4969 4965 8
4970 4969 7
4971 4966 7
4972 4954 2
4973 4970 8
4974 4955 2
4975 191 4
4976 4975 2
4977 4976 2
4978 4975 5
4979 191 6
4980 4975 2
4981 4977 5
4982 191 5
4983 4978 6
4984 4978 4
4985 4981 7
4986 4981 8
4987 4982 8
4988 4983 2
4989 4979 9
4990 4980 4
4991 4979 8
4992 4988 2
4993 4981 5
4994 4993 1
4995 4983 7
4996 4981 8
4997 4991 4
4998 4991 1
4999 4991 1
5000 192 9
5001 192 5
5002 192 1
5003 5001 5
5004 192 6
5005 5003 8
5006 192 6
5007 5004 8
5008 5001 8
5009 5008 3
5010 5008 6
5011 5008 6
5012 5000 5
5013 5006 5
5014 5011 2
5015 5014 8
5016 5008 7
5017 5014 3
5018 5004 1
5019 5008 4
5020 5002 9
5021 5012 4
5022 5006 9
5023 5004 8
5024 5020 2
5025 193 1
5026 5025 7
5027 5026 7
5028 5026 5
5029 5027 8
5030 5027 9
5031 5028 5
5032 5029 4
5033 5028 7
5034 5033 5
5035 5027 9
5036 5030 6
5037 5034 5
5038 193 7
5039 5032 8
5040 5030 1
5041 5026 5
5042 5039 9
5043 5042 1
5044 5041 2
5045 5044 9
5046 5031 3
5047 5038 6
5048 5040 3
5049 5027 9
5050 194 8
5051 5050 4
5052 194 4
5053 5052 5
5054 5053 2
5055 5051 8
5056 5052 7
5057 5055 6
5058 5055 6
5059 5053 1
5060 5056 3
5061 5055 4
5062 5051 6
5063 5052 8
5064 5054 3
5065 5060 9
5066 5063 7
5067 5058 3
5068 5065 2
5069 5053 3
5070 5056 5
5071 5068 6
5072 5062 3
5073 194 2
5074 5073 8
5075 195 4
5076 5075 6
5077 5075 3
5078 5077 1
5079 5076 6
5080 195 6
5081 5079 6
5082 5079 3
5083 5076 3
5084 5077 4
5085 5080 7
5086 5081 7
5087 5085 8
5088 5076 1
5089 5080 9
5090 5089 7
5091 5082 3
5092 5076 1
5093 5075 8
5094 5088 1
5095 5078 5
5096 5091 2
5097 5095 1
5098 5088 3
5099 5093 6
5100 196 6
5101 5100 3
5102 196 5
5103 196 3
5104 5102 1
5105 196 5
5106 5103 7
5107 5103 4
5108 5104 3
5109 5103 7
5110 5109 7
5111 5100 7
5112 5100 5
5113 5108 9
5114 5101 9
5115 5109 9
5116 5106 9
5117 5102 2
5118 5109 4
5119 5115 7
5120 5118 2
5121 5117 8
5122 5101 7
5123 5122 2
5124 5123 1
5125 197 9
5126 197 2
5127 5125 4
5128 5127 4
5129 5126 4
5130 5129 9
5131 5129 1
5132 5127 7
5133 5126 2
5134 5133 3
5135 5125 6
5136 5131 4
5137 197 2
5138 5135 8
5139 5131 5
5140 5125 3
5141 5135 6
5142 5128 3
5143 197 6
5144 5132 4
5145 5142 3
5146 5134 5
5147 5144 1
5148 5147 7
5149 5128 9
5150 198 7
5151 198 6
5152 5151 2
5153 198 7
5154 198 7
5155 5150 8
5156 5150 5
5157 5152 4
5158 5153 9
5159 5157 5
5160 5153 5
5161 5156 9
5162 5156 7
5163 5157 2
5164 5154 6
5165 5150 1
5166 5155 1
5167 5163 6
5168 5156 1
5169 5167 8
5170 5159 9
5171 198 7
5172 5162 7
5173 5167 9
5174 5168 4
5175 199 7
5176 199 1
5177 199 7
5178 5176 5
5179 199 8
5180 5179 7
5181 5176 8
5182 199 3
5183 5180 4
5184 5177 4
5185 5178 3
5186 5176 2
5187 199 1
5188 5175 5
5189 5181 9
5190 199 6
5191 5178 5
5192 5181 8
5193 5181 9
5194 5185 4
5195 5187 9
5196 5193 9
5197 5190 3
5198 5175 2
5199 5198 3
